99.1703
99.1703
99.1702
99.1704
99.1703
99.1703
99.1705
99.1703
99.1701
99.1703
99.1701
99.1702
99.1702
99.1703
99.1703
99.1702
99.1702
99.1702
99.1701
99.1702
99.1702
99.1702
99.1701
99.1701
99.1700
99.1700
99.1701
99.1702
99.1703
99.1701
99.1700
99.1700
99.1700
99.1701
99.1701
99.1701
99.1701
99.1700
99.1700
99.1698
99.1700
99.1701
99.1702
99.1702
99.1701
99.1702
99.1702
99.1701
99.1702
99.1702
99.1702
99.1703
99.1700
99.1702
99.1703
99.1705
99.1701
99.1700
99.1700
99.1700
99.1701
99.1700
99.1701
99.1703
99.1701
99.1699
99.1701
99.1701
99.1699
99.1702
99.1699
99.1697
99.1697
99.1698
99.1699
99.1700
99.1699
99.1701
99.1699
99.1698
99.1698
99.1700
99.1699
99.1701
99.1700
99.1699
99.1697
99.1696
99.1697
99.1697
99.1701
99.1702
99.1700
99.1697
99.1700
99.1699
99.1701
99.1701
99.1702
99.1702
99.1703
99.1704
99.1705
99.1703
99.1703
99.1703
99.1704
99.1702
99.1700
99.1701
99.1702
99.1703
99.1701
99.1703
99.1701
99.1700
99.1700
99.1701
99.1703
99.1702
99.1702
99.1702
99.1701
99.1699
99.1699
99.1700
99.1702
99.1701
99.1701
99.1700
99.1700
99.1701
99.1701
99.1700
99.1701
99.1700
99.1699
99.1700
99.1701
99.1703
99.1701
99.1701
99.1701
99.1702
99.1701
99.1701
99.1702