101
102
103
104
105
106
107
201
202
203
204
205
206
207
301
302
303
304
305
306
307
401
402
403
404
405
406
407
501
502
503
504
505
506
507
601
602
603
604
605
606
607
701
702
703
704
705
706
707
1001
1002
1003
1004
1005
1006
1007
2001
2002
2003
2004
2005
2006
2007
3001
3002
3003
3004
3005
3006
3007
4001
4002
4003
4004
4005
4006
4007
5001
5002
5003
5004
5005
5006
5007
6001
6002
6003
6004
6005
6006
6007
7001
7002
7003
7004
7005
7006
7007
10001
10002
10003
10004
10005
10006
10007
20001
20002
20003
20004
20005
20006
20007
30001
30002
30003
30004
30005
30006
30007
40001
40002
40003
40004
40005
40006
40007
50001
50002
50003
50004
50005
50006
50007
60001
60002
60003
60004
60005
60006
60007
70001
70002
70003
70004
70005
70006
70007