0.02; 6569.44; 5397.754; -1968.513
0.03; 6569.433; 5397.739; -1968.619
0.04; 6569.426; 5397.739; -1968.734
0.05; 6569.424; 5397.743; -1968.838
0.06; 6569.428; 5397.753; -1968.959
0.07; 6569.436; 5397.765; -1969.097
0.08; 6569.443; 5397.772; -1969.201
0.09; 6569.451; 5397.779; -1969.308
0.1; 6569.463; 5397.783; -1969.419
0.11; 6569.477; 5397.786; -1969.536
0.12; 6569.491; 5397.787; -1969.657
0.13; 6569.507; 5397.786; -1969.779
0.14; 6569.523; 5397.784; -1969.907
0.15; 6569.54; 5397.781; -1970.042
0.16; 6569.557; 5397.777; -1970.183
0.17; 6569.572; 5397.774; -1970.331
0.18; 6569.588; 5397.771; -1970.484
0.19; 6569.604; 5397.771; -1970.64
0.2; 6569.619; 5397.772; -1970.797
0.21; 6569.633; 5397.777; -1970.958
0.22; 6569.644; 5397.783; -1971.12
0.23; 6569.654; 5397.792; -1971.286
0.24; 6569.663; 5397.802; -1971.453
0.25; 6569.672; 5397.812; -1971.615
0.26; 6569.679; 5397.821; -1971.773
0.27; 6569.685; 5397.83; -1971.927
0.28; 6569.695; 5397.838; -1972.08
0.29; 6569.703; 5397.844; -1972.229
0.3; 6569.71; 5397.847; -1972.374
0.31; 6569.717; 5397.847; -1972.514
0.32; 6569.724; 5397.846; -1972.65
0.33; 6569.732; 5397.842; -1972.782
0.34; 6569.74; 5397.838; -1972.909
0.35; 6569.749; 5397.834; -1973.034
0.36; 6569.757; 5397.83; -1973.153
0.37; 6569.765; 5397.827; -1973.271
0.38; 6569.772; 5397.826; -1973.387
0.39; 6569.779; 5397.826; -1973.503
0.4; 6569.788; 5397.828; -1973.616
0.41; 6569.797; 5397.834; -1973.724
0.42; 6569.806; 5397.839; -1973.824
0.43; 6569.818; 5397.851; -1973.962
0.44; 6569.83; 5397.864; -1974.083
0.45; 6569.844; 5397.878; -1974.206
0.46; 6569.865; 5397.889; -1974.304
0.47; 6569.867; 5397.876; -1974.183
0.48; 6569.856; 5397.871; -1974.043
0.49; 6569.841; 5397.869; -1973.903
0.5; 6569.829; 5397.87; -1973.793
0.51; 6569.815; 5397.87; -1973.671
0.52; 6569.8; 5397.871; -1973.534
0.53; 6569.785; 5397.872; -1973.383
0.54; 6569.77; 5397.872; -1973.216
0.55; 6569.752; 5397.871; -1973.035
0.56; 6569.734; 5397.87; -1972.837
0.57; 6569.716; 5397.867; -1972.628
0.58; 6569.695; 5397.863; -1972.404
0.59; 6569.676; 5397.856; -1972.167
0.6; 6569.656; 5397.848; -1971.919
0.61; 6569.636; 5397.839; -1971.662
0.62; 6569.617; 5397.83; -1971.397
0.63; 6569.597; 5397.819; -1971.124
0.64; 6569.577; 5397.809; -1970.847
0.65; 6569.556; 5397.8; -1970.565
0.66; 6569.534; 5397.792; -1970.278
0.67; 6569.511; 5397.784; -1969.985
0.68; 6569.49; 5397.779; -1969.691
0.69; 6569.466; 5397.776; -1969.391
0.7; 6569.443; 5397.773; -1969.088
0.71; 6569.42; 5397.772; -1968.783
0.72; 6569.397; 5397.771; -1968.474
0.73; 6569.373; 5397.77; -1968.165
0.74; 6569.349; 5397.768; -1967.856
0.75; 6569.327; 5397.765; -1967.545
0.76; 6569.304; 5397.761; -1967.236
0.77; 6569.284; 5397.755; -1966.928
0.78; 6569.263; 5397.748; -1966.623
0.79; 6569.242; 5397.74; -1966.324
0.8; 6569.221; 5397.731; -1966.032
0.81; 6569.201; 5397.721; -1965.747
0.82; 6569.181; 5397.711; -1965.471
0.83; 6569.162; 5397.701; -1965.205
0.84; 6569.144; 5397.692; -1964.951
0.85; 6569.127; 5397.685; -1964.71
0.86; 6569.11; 5397.679; -1964.481
0.87; 6569.094; 5397.676; -1964.267
0.88; 6569.08; 5397.673; -1964.066
0.89; 6569.065; 5397.672; -1963.879
0.9; 6569.054; 5397.672; -1963.707
0.91; 6569.044; 5397.673; -1963.548
0.92; 6569.036; 5397.675; -1963.403
0.93; 6569.03; 5397.676; -1963.273
0.94; 6569.025; 5397.677; -1963.16
0.95; 6569.023; 5397.677; -1963.022
0.96; 6569.025; 5397.675; -1962.9
0.97; 6569.072; 5397.667; -1962.991
0.98; 6569.089; 5397.67; -1963.117
0.99; 6569.101; 5397.674; -1963.224
1.0; 6569.115; 5397.68; -1963.348
1.01; 6569.13; 5397.687; -1963.487
1.02; 6569.144; 5397.694; -1963.639
1.03; 6569.161; 5397.702; -1963.805
1.04; 6569.177; 5397.709; -1963.985
1.05; 6569.195; 5397.717; -1964.178
1.06; 6569.214; 5397.723; -1964.379
1.07; 6569.233; 5397.729; -1964.593
1.08; 6569.252; 5397.735; -1964.817
1.09; 6569.272; 5397.738; -1965.052
1.1; 6569.293; 5397.74; -1965.297
1.11; 6569.313; 5397.743; -1965.555
1.12; 6569.334; 5397.745; -1965.823
1.13; 6569.356; 5397.748; -1966.1
1.14; 6569.379; 5397.751; -1966.387
1.15; 6569.4; 5397.755; -1966.68
1.16; 6569.421; 5397.761; -1966.981
1.17; 6569.443; 5397.767; -1967.288
1.18; 6569.464; 5397.774; -1967.599
1.19; 6569.486; 5397.782; -1967.91
1.2; 6569.508; 5397.791; -1968.224
1.21; 6569.53; 5397.801; -1968.539
1.22; 6569.553; 5397.81; -1968.852
1.23; 6569.575; 5397.819; -1969.163
1.24; 6569.598; 5397.827; -1969.471
1.25; 6569.62; 5397.835; -1969.776
1.26; 6569.642; 5397.841; -1970.076
1.27; 6569.664; 5397.847; -1970.371
1.28; 6569.685; 5397.851; -1970.662
1.29; 6569.705; 5397.854; -1970.944
1.3; 6569.724; 5397.857; -1971.218
1.31; 6569.742; 5397.86; -1971.488
1.32; 6569.758; 5397.861; -1971.749
1.33; 6569.773; 5397.864; -1972.001
1.34; 6569.786; 5397.866; -1972.244
1.35; 6569.799; 5397.87; -1972.476
1.36; 6569.809; 5397.873; -1972.694
1.37; 6569.818; 5397.877; -1972.899
1.38; 6569.826; 5397.881; -1973.089
1.39; 6569.832; 5397.885; -1973.265
1.4; 6569.837; 5397.889; -1973.423
1.41; 6569.84; 5397.892; -1973.565
1.42; 6569.842; 5397.895; -1973.689
1.43; 6569.843; 5397.897; -1973.797
1.44; 6569.843; 5397.898; -1973.928
1.45; 6569.839; 5397.895; -1974.045
1.46; 6569.783; 5397.862; -1973.938
1.47; 6569.765; 5397.858; -1973.816
1.48; 6569.752; 5397.855; -1973.713
1.49; 6569.737; 5397.853; -1973.594
1.5; 6569.722; 5397.851; -1973.46
1.51; 6569.706; 5397.85; -1973.31
1.52; 6569.69; 5397.848; -1973.146
1.53; 6569.671; 5397.846; -1972.965
1.54; 6569.653; 5397.843; -1972.769
1.55; 6569.634; 5397.839; -1972.56
1.56; 6569.614; 5397.835; -1972.339
1.57; 6569.593; 5397.83; -1972.106
1.58; 6569.571; 5397.823; -1971.863
1.59; 6569.55; 5397.817; -1971.612
1.6; 6569.526; 5397.809; -1971.349
1.61; 6569.503; 5397.802; -1971.081
1.62; 6569.478; 5397.795; -1970.806
1.63; 6569.454; 5397.788; -1970.523
1.64; 6569.428; 5397.781; -1970.234
1.65; 6569.403; 5397.775; -1969.938
1.66; 6569.377; 5397.77; -1969.637
1.67; 6569.351; 5397.765; -1969.329
1.68; 6569.327; 5397.761; -1969.021
1.69; 6569.303; 5397.756; -1968.708
1.7; 6569.278; 5397.752; -1968.392
1.71; 6569.256; 5397.747; -1968.075
1.72; 6569.234; 5397.743; -1967.759
1.73; 6569.213; 5397.738; -1967.445
1.74; 6569.193; 5397.733; -1967.134
1.75; 6569.175; 5397.726; -1966.828
1.76; 6569.157; 5397.72; -1966.528
1.77; 6569.141; 5397.713; -1966.235
1.78; 6569.125; 5397.707; -1965.952
1.79; 6569.111; 5397.701; -1965.678
1.8; 6569.099; 5397.695; -1965.415
1.81; 6569.088; 5397.69; -1965.164
1.82; 6569.079; 5397.685; -1964.924
1.83; 6569.069; 5397.681; -1964.695
1.84; 6569.063; 5397.679; -1964.48
1.85; 6569.057; 5397.677; -1964.276
1.86; 6569.053; 5397.677; -1964.085
1.87; 6569.051; 5397.676; -1963.906
1.88; 6569.05; 5397.677; -1963.74
1.89; 6569.051; 5397.678; -1963.588
1.9; 6569.053; 5397.679; -1963.449
1.91; 6569.056; 5397.679; -1963.326
1.92; 6569.061; 5397.68; -1963.219
1.93; 6569.07; 5397.68; -1963.089
1.94; 6569.085; 5397.68; -1962.976
1.95; 6569.148; 5397.684; -1963.073
1.96; 6569.17; 5397.688; -1963.194
1.97; 6569.185; 5397.692; -1963.295
1.98; 6569.201; 5397.697; -1963.413
1.99; 6569.218; 5397.702; -1963.544
2.0; 6569.237; 5397.708; -1963.69
2.01; 6569.256; 5397.714; -1963.85
2.02; 6569.276; 5397.72; -1964.026
2.03; 6569.297; 5397.725; -1964.214
2.04; 6569.319; 5397.731; -1964.416
2.05; 6569.342; 5397.736; -1964.632
2.06; 6569.366; 5397.742; -1964.862
2.07; 6569.391; 5397.746; -1965.104
2.08; 6569.414; 5397.75; -1965.359
2.09; 6569.439; 5397.755; -1965.626
2.1; 6569.463; 5397.76; -1965.903
2.11; 6569.488; 5397.765; -1966.189
2.12; 6569.513; 5397.77; -1966.483
2.13; 6569.537; 5397.776; -1966.782
2.14; 6569.561; 5397.782; -1967.086
2.15; 6569.584; 5397.789; -1967.394
2.16; 6569.608; 5397.796; -1967.704
2.17; 6569.629; 5397.803; -1968.014
2.18; 6569.652; 5397.811; -1968.323
2.19; 6569.672; 5397.817; -1968.631
2.2; 6569.691; 5397.824; -1968.937
2.21; 6569.711; 5397.83; -1969.241
2.22; 6569.729; 5397.836; -1969.541
2.23; 6569.746; 5397.84; -1969.837
2.24; 6569.76; 5397.845; -1970.129
2.25; 6569.774; 5397.847; -1970.415
2.26; 6569.785; 5397.85; -1970.696
2.27; 6569.797; 5397.852; -1970.971
2.28; 6569.805; 5397.854; -1971.239
2.29; 6569.813; 5397.856; -1971.5
2.3; 6569.82; 5397.857; -1971.752
2.31; 6569.826; 5397.858; -1971.994
2.32; 6569.829; 5397.86; -1972.226
2.33; 6569.831; 5397.862; -1972.447
2.34; 6569.834; 5397.863; -1972.654
2.35; 6569.834; 5397.865; -1972.848
2.36; 6569.834; 5397.868; -1973.029
2.37; 6569.833; 5397.87; -1973.194
2.38; 6569.831; 5397.872; -1973.345
2.39; 6569.828; 5397.873; -1973.481
2.4; 6569.825; 5397.874; -1973.603
2.41; 6569.821; 5397.875; -1973.711
2.42; 6569.814; 5397.874; -1973.845
2.43; 6569.805; 5397.872; -1973.947
2.44; 6569.781; 5397.864; -1974.05
2.45; 6569.731; 5397.851; -1973.963
2.46; 6569.707; 5397.847; -1973.86
2.47; 6569.682; 5397.842; -1973.717
2.48; 6569.664; 5397.839; -1973.599
2.49; 6569.644; 5397.836; -1973.464
2.5; 6569.623; 5397.832; -1973.313
2.51; 6569.602; 5397.829; -1973.147
2.52; 6569.579; 5397.825; -1972.965
2.53; 6569.556; 5397.82; -1972.769
2.54; 6569.532; 5397.815; -1972.561
2.55; 6569.508; 5397.809; -1972.34
2.56; 6569.483; 5397.802; -1972.109
2.57; 6569.458; 5397.796; -1971.869
2.58; 6569.434; 5397.789; -1971.621
2.59; 6569.408; 5397.782; -1971.362
2.6; 6569.384; 5397.775; -1971.098
2.61; 6569.359; 5397.769; -1970.824
2.62; 6569.335; 5397.762; -1970.543
2.63; 6569.312; 5397.756; -1970.257
2.64; 6569.289; 5397.751; -1969.964
2.65; 6569.267; 5397.746; -1969.666
2.66; 6569.248; 5397.741; -1969.363
2.67; 6569.228; 5397.737; -1969.057
2.68; 6569.211; 5397.733; -1968.75
2.69; 6569.194; 5397.729; -1968.44
2.7; 6569.178; 5397.725; -1968.131
2.71; 6569.164; 5397.72; -1967.823
2.72; 6569.151; 5397.716; -1967.518
2.73; 6569.138; 5397.712; -1967.217
2.74; 6569.127; 5397.707; -1966.92
2.75; 6569.116; 5397.703; -1966.629
2.76; 6569.106; 5397.699; -1966.345
2.77; 6569.098; 5397.694; -1966.068
2.78; 6569.091; 5397.69; -1965.799
2.79; 6569.084; 5397.686; -1965.539
2.8; 6569.078; 5397.682; -1965.286
2.81; 6569.074; 5397.679; -1965.044
2.82; 6569.07; 5397.677; -1964.811
2.83; 6569.067; 5397.674; -1964.586
2.84; 6569.066; 5397.673; -1964.373
2.85; 6569.066; 5397.672; -1964.17
2.86; 6569.066; 5397.672; -1963.979
2.87; 6569.069; 5397.671; -1963.802
2.88; 6569.072; 5397.671; -1963.638
2.89; 6569.078; 5397.671; -1963.49
2.9; 6569.083; 5397.671; -1963.357
2.91; 6569.091; 5397.671; -1963.241
2.92; 6569.103; 5397.672; -1963.103
2.93; 6569.124; 5397.673; -1962.982
2.94; 6569.218; 5397.687; -1963.063
2.95; 6569.249; 5397.694; -1963.18
2.96; 6569.27; 5397.699; -1963.279
2.97; 6569.293; 5397.705; -1963.395
2.98; 6569.316; 5397.711; -1963.524
2.99; 6569.34; 5397.717; -1963.669
3.0; 6569.364; 5397.724; -1963.829
3.01; 6569.389; 5397.73; -1964.003
3.02; 6569.414; 5397.736; -1964.193
3.03; 6569.438; 5397.742; -1964.395
3.04; 6569.462; 5397.747; -1964.612
3.05; 6569.486; 5397.753; -1964.841
3.06; 6569.51; 5397.758; -1965.083
3.07; 6569.533; 5397.763; -1965.335
3.08; 6569.556; 5397.768; -1965.598
3.09; 6569.576; 5397.773; -1965.867
3.1; 6569.597; 5397.778; -1966.145
3.11; 6569.618; 5397.783; -1966.429
3.12; 6569.637; 5397.788; -1966.716
3.13; 6569.656; 5397.793; -1967.008
3.14; 6569.674; 5397.799; -1967.302
3.15; 6569.691; 5397.804; -1967.599
3.16; 6569.707; 5397.81; -1967.898
3.17; 6569.723; 5397.815; -1968.197
3.18; 6569.738; 5397.819; -1968.495
3.19; 6569.751; 5397.825; -1968.796
3.2; 6569.765; 5397.829; -1969.094
3.21; 6569.777; 5397.832; -1969.391
3.22; 6569.788; 5397.836; -1969.687
3.23; 6569.799; 5397.839; -1969.98
3.24; 6569.808; 5397.841; -1970.27
3.25; 6569.816; 5397.843; -1970.556
3.26; 6569.824; 5397.845; -1970.838
3.27; 6569.83; 5397.847; -1971.111
3.28; 6569.836; 5397.849; -1971.379
3.29; 6569.84; 5397.851; -1971.637
3.3; 6569.844; 5397.852; -1971.885
3.31; 6569.846; 5397.854; -1972.124
3.32; 6569.847; 5397.856; -1972.35
3.33; 6569.848; 5397.857; -1972.561
3.34; 6569.847; 5397.859; -1972.761
3.35; 6569.845; 5397.86; -1972.947
3.36; 6569.841; 5397.861; -1973.116
3.37; 6569.835; 5397.862; -1973.273
3.38; 6569.829; 5397.862; -1973.415
3.39; 6569.822; 5397.861; -1973.541
3.4; 6569.812; 5397.86; -1973.654
3.41; 6569.796; 5397.858; -1973.796
3.42; 6569.775; 5397.854; -1973.902
3.43; 6569.735; 5397.845; -1973.999
3.44; 6569.656; 5397.829; -1973.932
3.45; 6569.623; 5397.823; -1973.836
3.46; 6569.59; 5397.817; -1973.702
3.47; 6569.568; 5397.813; -1973.592
3.48; 6569.545; 5397.809; -1973.467
3.49; 6569.523; 5397.805; -1973.328
3.5; 6569.5; 5397.801; -1973.174
3.51; 6569.478; 5397.797; -1973.007
3.52; 6569.456; 5397.792; -1972.828
3.53; 6569.433; 5397.787; -1972.636
3.54; 6569.411; 5397.782; -1972.435
3.55; 6569.39; 5397.776; -1972.223
3.56; 6569.367; 5397.771; -1972.001
3.57; 6569.347; 5397.766; -1971.769
3.58; 6569.327; 5397.76; -1971.528
3.59; 6569.307; 5397.755; -1971.276
3.6; 6569.288; 5397.75; -1971.017
3.61; 6569.269; 5397.745; -1970.747
3.62; 6569.25; 5397.74; -1970.469
3.63; 6569.233; 5397.736; -1970.185
3.64; 6569.217; 5397.732; -1969.893
3.65; 6569.201; 5397.728; -1969.596
3.66; 6569.186; 5397.724; -1969.294
3.67; 6569.171; 5397.72; -1968.989
3.68; 6569.158; 5397.716; -1968.681
3.69; 6569.143; 5397.713; -1968.373
3.7; 6569.132; 5397.708; -1968.066
3.71; 6569.12; 5397.704; -1967.76
3.72; 6569.109; 5397.7; -1967.455
3.73; 6569.098; 5397.695; -1967.155
3.74; 6569.089; 5397.691; -1966.859
3.75; 6569.08; 5397.687; -1966.568
3.76; 6569.073; 5397.683; -1966.283
3.77; 6569.068; 5397.679; -1966.006
3.78; 6569.063; 5397.677; -1965.736
3.79; 6569.06; 5397.674; -1965.474
3.8; 6569.058; 5397.672; -1965.219
3.81; 6569.058; 5397.67; -1964.974
3.82; 6569.06; 5397.669; -1964.74
3.83; 6569.064; 5397.668; -1964.516
3.84; 6569.07; 5397.668; -1964.305
3.85; 6569.077; 5397.668; -1964.107
3.86; 6569.085; 5397.669; -1963.923
3.87; 6569.094; 5397.67; -1963.755
3.88; 6569.105; 5397.671; -1963.6
3.89; 6569.117; 5397.673; -1963.466
3.9; 6569.132; 5397.675; -1963.349
3.91; 6569.147; 5397.676; -1963.248
3.92; 6569.169; 5397.68; -1963.131
3.93; 6569.206; 5397.686; -1963.035
3.94; 6569.309; 5397.705; -1963.089
3.95; 6569.353; 5397.715; -1963.221
3.96; 6569.387; 5397.722; -1963.36
3.97; 6569.41; 5397.727; -1963.473
3.98; 6569.432; 5397.733; -1963.6
3.99; 6569.454; 5397.738; -1963.743
4.0; 6569.476; 5397.743; -1963.901
4.01; 6569.497; 5397.748; -1964.075
4.02; 6569.518; 5397.753; -1964.263
4.03; 6569.54; 5397.757; -1964.464
4.04; 6569.56; 5397.762; -1964.68
4.05; 6569.58; 5397.767; -1964.908
4.06; 6569.6; 5397.771; -1965.146
4.07; 6569.619; 5397.776; -1965.397
4.08; 6569.639; 5397.78; -1965.656
4.09; 6569.657; 5397.785; -1965.923
4.1; 6569.676; 5397.79; -1966.197
4.11; 6569.694; 5397.795; -1966.478
4.12; 6569.712; 5397.8; -1966.763
4.13; 6569.729; 5397.806; -1967.054
4.14; 6569.745; 5397.811; -1967.349
4.15; 6569.762; 5397.817; -1967.649
4.16; 6569.777; 5397.821; -1967.95
4.17; 6569.791; 5397.826; -1968.253
4.18; 6569.804; 5397.83; -1968.557
4.19; 6569.816; 5397.835; -1968.864
4.2; 6569.827; 5397.838; -1969.168
4.21; 6569.836; 5397.842; -1969.473
4.22; 6569.844; 5397.844; -1969.774
4.23; 6569.851; 5397.846; -1970.071
4.24; 6569.855; 5397.848; -1970.362
4.25; 6569.859; 5397.849; -1970.649
4.26; 6569.862; 5397.851; -1970.927
4.27; 6569.862; 5397.853; -1971.197
4.28; 6569.86; 5397.854; -1971.457
4.29; 6569.858; 5397.855; -1971.706
4.3; 6569.854; 5397.856; -1971.944
4.31; 6569.848; 5397.856; -1972.17
4.32; 6569.84; 5397.857; -1972.383
4.33; 6569.832; 5397.856; -1972.583
4.34; 6569.822; 5397.856; -1972.771
4.35; 6569.81; 5397.855; -1972.945
4.36; 6569.799; 5397.854; -1973.106
4.37; 6569.785; 5397.852; -1973.255
4.38; 6569.77; 5397.85; -1973.389
4.39; 6569.754; 5397.847; -1973.51
4.4; 6569.737; 5397.845; -1973.619
4.41; 6569.71; 5397.84; -1973.754
4.42; 6569.683; 5397.835; -1973.854
4.43; 6569.633; 5397.826; -1973.942
4.44; 6569.552; 5397.812; -1973.866
4.45; 6569.521; 5397.808; -1973.77
4.46; 6569.49; 5397.803; -1973.639
4.47; 6569.469; 5397.799; -1973.532
4.48; 6569.448; 5397.795; -1973.409
4.49; 6569.428; 5397.792; -1973.275
4.5; 6569.406; 5397.788; -1973.125
4.51; 6569.385; 5397.783; -1972.961
4.52; 6569.364; 5397.778; -1972.785
4.53; 6569.342; 5397.773; -1972.597
4.54; 6569.321; 5397.769; -1972.397
4.55; 6569.299; 5397.764; -1972.182
4.56; 6569.278; 5397.759; -1971.956
4.57; 6569.258; 5397.754; -1971.72
4.58; 6569.237; 5397.749; -1971.47
4.59; 6569.217; 5397.744; -1971.211
4.6; 6569.198; 5397.739; -1970.941
4.61; 6569.18; 5397.734; -1970.662
4.62; 6569.163; 5397.73; -1970.376
4.63; 6569.147; 5397.726; -1970.083
4.64; 6569.131; 5397.722; -1969.785
4.65; 6569.116; 5397.717; -1969.482
4.66; 6569.103; 5397.713; -1969.178
4.67; 6569.092; 5397.709; -1968.872
4.68; 6569.08; 5397.705; -1968.566
4.69; 6569.071; 5397.701; -1968.26
4.7; 6569.063; 5397.697; -1967.956
4.71; 6569.057; 5397.694; -1967.656
4.72; 6569.051; 5397.69; -1967.357
4.73; 6569.048; 5397.687; -1967.064
4.74; 6569.046; 5397.684; -1966.775
4.75; 6569.046; 5397.682; -1966.492
4.76; 6569.048; 5397.68; -1966.215
4.77; 6569.051; 5397.679; -1965.944
4.78; 6569.057; 5397.678; -1965.682
4.79; 6569.063; 5397.678; -1965.425
4.8; 6569.071; 5397.678; -1965.179
4.81; 6569.08; 5397.678; -1964.94
4.82; 6569.09; 5397.678; -1964.713
4.83; 6569.102; 5397.679; -1964.498
4.84; 6569.115; 5397.68; -1964.294
4.85; 6569.127; 5397.682; -1964.105
4.86; 6569.142; 5397.683; -1963.93
4.87; 6569.157; 5397.684; -1963.77
4.88; 6569.173; 5397.685; -1963.624
4.89; 6569.189; 5397.687; -1963.495
4.9; 6569.205; 5397.69; -1963.382
4.91; 6569.232; 5397.692; -1963.241
4.92; 6569.26; 5397.696; -1963.137
4.93; 6569.308; 5397.703; -1963.042
4.94; 6569.393; 5397.719; -1963.101
4.95; 6569.437; 5397.729; -1963.232
4.96; 6569.471; 5397.736; -1963.375
4.97; 6569.494; 5397.74; -1963.492
4.98; 6569.516; 5397.745; -1963.627
4.99; 6569.538; 5397.75; -1963.777
5.0; 6569.561; 5397.755; -1963.944
5.01; 6569.583; 5397.761; -1964.128
5.02; 6569.605; 5397.765; -1964.324
5.03; 6569.627; 5397.771; -1964.536
5.04; 6569.649; 5397.776; -1964.76
5.05; 6569.669; 5397.782; -1964.994
5.06; 6569.69; 5397.787; -1965.238
5.07; 6569.71; 5397.792; -1965.492
5.08; 6569.728; 5397.798; -1965.753
5.09; 6569.745; 5397.803; -1966.022
5.1; 6569.762; 5397.808; -1966.298
5.11; 6569.778; 5397.813; -1966.58
5.12; 6569.793; 5397.818; -1966.865
5.13; 6569.806; 5397.822; -1967.155
5.14; 6569.818; 5397.826; -1967.45
5.15; 6569.828; 5397.83; -1967.748
5.16; 6569.836; 5397.834; -1968.047
5.17; 6569.843; 5397.836; -1968.349
5.18; 6569.848; 5397.839; -1968.651
5.19; 6569.851; 5397.841; -1968.952
5.2; 6569.853; 5397.843; -1969.251
5.21; 6569.854; 5397.844; -1969.548
5.22; 6569.852; 5397.845; -1969.84
5.23; 6569.849; 5397.847; -1970.129
5.24; 6569.845; 5397.848; -1970.411
5.25; 6569.84; 5397.849; -1970.686
5.26; 6569.833; 5397.849; -1970.954
5.27; 6569.827; 5397.849; -1971.213
5.28; 6569.819; 5397.85; -1971.464
5.29; 6569.81; 5397.849; -1971.704
5.3; 6569.8; 5397.849; -1971.935
5.31; 6569.789; 5397.849; -1972.156
5.32; 6569.776; 5397.848; -1972.367
5.33; 6569.764; 5397.847; -1972.567
5.34; 6569.751; 5397.846; -1972.755
5.35; 6569.736; 5397.845; -1972.932
5.36; 6569.721; 5397.843; -1973.098
5.37; 6569.706; 5397.841; -1973.25
5.38; 6569.689; 5397.838; -1973.389
5.39; 6569.671; 5397.835; -1973.513
5.4; 6569.654; 5397.833; -1973.624
5.41; 6569.626; 5397.829; -1973.76
5.42; 6569.596; 5397.825; -1973.857
5.43; 6569.534; 5397.816; -1973.936
5.44; 6569.467; 5397.805; -1973.858
5.45; 6569.434; 5397.798; -1973.763
5.46; 6569.398; 5397.792; -1973.633
5.47; 6569.375; 5397.787; -1973.526
5.48; 6569.35; 5397.782; -1973.405
5.49; 6569.327; 5397.778; -1973.271
5.5; 6569.304; 5397.772; -1973.122
5.51; 6569.281; 5397.767; -1972.958
5.52; 6569.258; 5397.762; -1972.782
5.53; 6569.236; 5397.757; -1972.593
5.54; 6569.215; 5397.753; -1972.392
5.55; 6569.195; 5397.748; -1972.177
5.56; 6569.177; 5397.743; -1971.951
5.57; 6569.158; 5397.739; -1971.714
5.58; 6569.142; 5397.735; -1971.466
5.59; 6569.127; 5397.73; -1971.208
5.6; 6569.113; 5397.727; -1970.943
5.61; 6569.1; 5397.723; -1970.669
5.62; 6569.089; 5397.719; -1970.39
5.63; 6569.079; 5397.716; -1970.105
5.64; 6569.072; 5397.712; -1969.816
5.65; 6569.064; 5397.709; -1969.524
5.66; 6569.058; 5397.706; -1969.23
5.67; 6569.054; 5397.703; -1968.935
5.68; 6569.051; 5397.7; -1968.639
5.69; 6569.049; 5397.698; -1968.342
5.7; 6569.049; 5397.695; -1968.045
5.71; 6569.049; 5397.693; -1967.749
5.72; 6569.052; 5397.691; -1967.456
5.73; 6569.055; 5397.689; -1967.165
5.74; 6569.059; 5397.687; -1966.875
5.75; 6569.065; 5397.687; -1966.59
5.76; 6569.072; 5397.686; -1966.31
5.77; 6569.079; 5397.685; -1966.033
5.78; 6569.088; 5397.685; -1965.765
5.79; 6569.098; 5397.685; -1965.503
5.8; 6569.108; 5397.685; -1965.25
5.81; 6569.12; 5397.685; -1965.006
5.82; 6569.133; 5397.685; -1964.774
5.83; 6569.146; 5397.685; -1964.552
5.84; 6569.16; 5397.686; -1964.346
5.85; 6569.176; 5397.686; -1964.152
5.86; 6569.192; 5397.687; -1963.972
5.87; 6569.209; 5397.688; -1963.808
5.88; 6569.228; 5397.689; -1963.659
5.89; 6569.246; 5397.691; -1963.526
5.9; 6569.266; 5397.693; -1963.408
5.91; 6569.286; 5397.696; -1963.307
5.92; 6569.32; 5397.7; -1963.186
5.93; 6569.366; 5397.708; -1963.081
5.94; 6569.465; 5397.726; -1963.073
5.95; 6569.516; 5397.736; -1963.175
5.96; 6569.554; 5397.743; -1963.295
5.97; 6569.578; 5397.748; -1963.399
5.98; 6569.602; 5397.753; -1963.518
5.99; 6569.625; 5397.758; -1963.654
6.0; 6569.647; 5397.763; -1963.804
6.01; 6569.669; 5397.768; -1963.97
6.02; 6569.689; 5397.772; -1964.149
6.03; 6569.709; 5397.777; -1964.34
6.04; 6569.727; 5397.782; -1964.544
6.05; 6569.745; 5397.786; -1964.76
6.06; 6569.761; 5397.791; -1964.984
6.07; 6569.777; 5397.795; -1965.217
6.08; 6569.792; 5397.799; -1965.46
6.09; 6569.804; 5397.803; -1965.71
6.1; 6569.815; 5397.807; -1965.969
6.11; 6569.825; 5397.811; -1966.236
6.12; 6569.836; 5397.814; -1966.509
6.13; 6569.843; 5397.817; -1966.788
6.14; 6569.849; 5397.82; -1967.073
6.15; 6569.855; 5397.822; -1967.364
6.16; 6569.858; 5397.825; -1967.659
6.17; 6569.861; 5397.827; -1967.958
6.18; 6569.862; 5397.828; -1968.257
6.19; 6569.862; 5397.831; -1968.56
6.2; 6569.862; 5397.832; -1968.862
6.21; 6569.858; 5397.834; -1969.161
6.22; 6569.856; 5397.835; -1969.46
6.23; 6569.852; 5397.836; -1969.754
6.24; 6569.846; 5397.838; -1970.044
6.25; 6569.84; 5397.839; -1970.329
6.26; 6569.833; 5397.839; -1970.607
6.27; 6569.826; 5397.84; -1970.878
6.28; 6569.817; 5397.84; -1971.142
6.29; 6569.806; 5397.84; -1971.396
6.3; 6569.795; 5397.841; -1971.643
6.31; 6569.783; 5397.839; -1971.879
6.32; 6569.769; 5397.839; -1972.106
6.33; 6569.753; 5397.838; -1972.322
6.34; 6569.737; 5397.836; -1972.527
6.35; 6569.72; 5397.834; -1972.721
6.36; 6569.701; 5397.832; -1972.902
6.37; 6569.681; 5397.83; -1973.069
6.38; 6569.66; 5397.827; -1973.222
6.39; 6569.639; 5397.824; -1973.359
6.4; 6569.616; 5397.821; -1973.482
6.41; 6569.593; 5397.818; -1973.588
6.42; 6569.556; 5397.813; -1973.717
6.43; 6569.508; 5397.806; -1973.829
6.44; 6569.41; 5397.79; -1973.855
6.45; 6569.349; 5397.779; -1973.743
6.46; 6569.314; 5397.772; -1973.632
6.47; 6569.28; 5397.766; -1973.489
6.48; 6569.259; 5397.762; -1973.378
6.49; 6569.238; 5397.758; -1973.252
6.5; 6569.219; 5397.754; -1973.112
6.51; 6569.2; 5397.75; -1972.957
6.52; 6569.183; 5397.747; -1972.788
6.53; 6569.166; 5397.743; -1972.606
6.54; 6569.152; 5397.74; -1972.412
6.55; 6569.137; 5397.736; -1972.204
6.56; 6569.124; 5397.733; -1971.984
6.57; 6569.112; 5397.73; -1971.752
6.58; 6569.101; 5397.727; -1971.51
6.59; 6569.091; 5397.724; -1971.257
6.6; 6569.082; 5397.721; -1970.996
6.61; 6569.074; 5397.718; -1970.728
6.62; 6569.067; 5397.715; -1970.451
6.63; 6569.06; 5397.712; -1970.171
6.64; 6569.056; 5397.709; -1969.886
6.65; 6569.051; 5397.706; -1969.595
6.66; 6569.049; 5397.703; -1969.301
6.67; 6569.046; 5397.701; -1969.006
6.68; 6569.045; 5397.698; -1968.707
6.69; 6569.046; 5397.696; -1968.407
6.7; 6569.048; 5397.694; -1968.107
6.71; 6569.051; 5397.692; -1967.806
6.72; 6569.056; 5397.69; -1967.508
6.73; 6569.061; 5397.69; -1967.211
6.74; 6569.068; 5397.688; -1966.916
6.75; 6569.077; 5397.688; -1966.627
6.76; 6569.087; 5397.688; -1966.343
6.77; 6569.098; 5397.688; -1966.065
6.78; 6569.11; 5397.688; -1965.795
6.79; 6569.125; 5397.688; -1965.534
6.8; 6569.14; 5397.689; -1965.282
6.81; 6569.157; 5397.69; -1965.042
6.82; 6569.175; 5397.691; -1964.815
6.83; 6569.193; 5397.692; -1964.6
6.84; 6569.213; 5397.694; -1964.398
6.85; 6569.234; 5397.696; -1964.211
6.86; 6569.255; 5397.698; -1964.036
6.87; 6569.277; 5397.701; -1963.876
6.88; 6569.301; 5397.704; -1963.73
6.89; 6569.325; 5397.707; -1963.6
6.9; 6569.349; 5397.711; -1963.483
6.91; 6569.374; 5397.715; -1963.382
6.92; 6569.41; 5397.722; -1963.257
6.93; 6569.46; 5397.73; -1963.145
6.94; 6569.556; 5397.748; -1963.121
6.95; 6569.6; 5397.757; -1963.212
6.96; 6569.631; 5397.763; -1963.324
6.97; 6569.661; 5397.769; -1963.474
6.98; 6569.679; 5397.773; -1963.593
6.99; 6569.697; 5397.777; -1963.728
7.0; 6569.714; 5397.781; -1963.877
7.01; 6569.731; 5397.785; -1964.041
7.02; 6569.746; 5397.789; -1964.217
7.03; 6569.761; 5397.793; -1964.406
7.04; 6569.775; 5397.797; -1964.608
7.05; 6569.788; 5397.802; -1964.822
7.06; 6569.8; 5397.806; -1965.047
7.07; 6569.811; 5397.81; -1965.281
7.08; 6569.823; 5397.813; -1965.526
7.09; 6569.832; 5397.816; -1965.78
7.1; 6569.84; 5397.82; -1966.045
7.11; 6569.848; 5397.824; -1966.319
7.12; 6569.854; 5397.826; -1966.599
7.13; 6569.858; 5397.829; -1966.886
7.14; 6569.861; 5397.831; -1967.179
7.15; 6569.863; 5397.834; -1967.476
7.16; 6569.864; 5397.835; -1967.776
7.17; 6569.864; 5397.838; -1968.08
7.18; 6569.861; 5397.839; -1968.382
7.19; 6569.858; 5397.841; -1968.685
7.2; 6569.852; 5397.842; -1968.985
7.21; 6569.845; 5397.844; -1969.283
7.22; 6569.837; 5397.844; -1969.576
7.23; 6569.829; 5397.844; -1969.864
7.24; 6569.818; 5397.844; -1970.147
7.25; 6569.806; 5397.844; -1970.424
7.26; 6569.793; 5397.843; -1970.694
7.27; 6569.778; 5397.843; -1970.957
7.28; 6569.762; 5397.841; -1971.211
7.29; 6569.745; 5397.839; -1971.458
7.3; 6569.726; 5397.837; -1971.698
7.31; 6569.707; 5397.834; -1971.925
7.32; 6569.686; 5397.832; -1972.145
7.33; 6569.664; 5397.83; -1972.355
7.34; 6569.643; 5397.826; -1972.552
7.35; 6569.62; 5397.823; -1972.736
7.36; 6569.597; 5397.819; -1972.909
7.37; 6569.573; 5397.817; -1973.069
7.38; 6569.549; 5397.814; -1973.214
7.39; 6569.526; 5397.81; -1973.344
7.4; 6569.502; 5397.807; -1973.459
7.41; 6569.479; 5397.803; -1973.558
7.42; 6569.445; 5397.799; -1973.68
7.43; 6569.399; 5397.793; -1973.787
7.44; 6569.301; 5397.778; -1973.806
7.45; 6569.251; 5397.768; -1973.681
7.46; 6569.221; 5397.763; -1973.562
7.47; 6569.202; 5397.76; -1973.463
7.48; 6569.185; 5397.756; -1973.348
7.49; 6569.167; 5397.754; -1973.218
7.5; 6569.151; 5397.75; -1973.072
7.51; 6569.135; 5397.747; -1972.91
7.52; 6569.12; 5397.744; -1972.735
7.53; 6569.106; 5397.741; -1972.544
7.54; 6569.092; 5397.738; -1972.34
7.55; 6569.079; 5397.736; -1972.124
7.56; 6569.069; 5397.733; -1971.896
7.57; 6569.057; 5397.73; -1971.658
7.58; 6569.048; 5397.727; -1971.409
7.59; 6569.041; 5397.724; -1971.153
7.6; 6569.034; 5397.722; -1970.889
7.61; 6569.029; 5397.719; -1970.619
7.62; 6569.025; 5397.716; -1970.344
7.63; 6569.021; 5397.714; -1970.062
7.64; 6569.021; 5397.711; -1969.777
7.65; 6569.022; 5397.71; -1969.488
7.66; 6569.025; 5397.708; -1969.197
7.67; 6569.028; 5397.707; -1968.903
7.68; 6569.034; 5397.706; -1968.607
7.69; 6569.042; 5397.705; -1968.311
7.7; 6569.05; 5397.705; -1968.014
7.71; 6569.061; 5397.705; -1967.718
7.72; 6569.072; 5397.706; -1967.424
7.73; 6569.085; 5397.706; -1967.133
7.74; 6569.1; 5397.707; -1966.845
7.75; 6569.117; 5397.708; -1966.565
7.76; 6569.133; 5397.71; -1966.29
7.77; 6569.151; 5397.711; -1966.021
7.78; 6569.17; 5397.712; -1965.762
7.79; 6569.19; 5397.714; -1965.511
7.8; 6569.21; 5397.715; -1965.27
7.81; 6569.23; 5397.717; -1965.04
7.82; 6569.252; 5397.719; -1964.819
7.83; 6569.274; 5397.721; -1964.611
7.84; 6569.296; 5397.723; -1964.413
7.85; 6569.319; 5397.725; -1964.229
7.86; 6569.342; 5397.727; -1964.056
7.87; 6569.364; 5397.73; -1963.896
7.88; 6569.387; 5397.733; -1963.749
7.89; 6569.411; 5397.736; -1963.617
7.9; 6569.433; 5397.74; -1963.498
7.91; 6569.456; 5397.743; -1963.395
7.92; 6569.491; 5397.748; -1963.269
7.93; 6569.537; 5397.755; -1963.16
7.94; 6569.645; 5397.773; -1963.199
7.95; 6569.675; 5397.779; -1963.297
7.96; 6569.704; 5397.785; -1963.433
7.97; 6569.723; 5397.788; -1963.544
7.98; 6569.742; 5397.792; -1963.671
7.99; 6569.758; 5397.797; -1963.813
8.0; 6569.775; 5397.801; -1963.969
8.01; 6569.79; 5397.805; -1964.138
8.02; 6569.804; 5397.809; -1964.319
8.03; 6569.818; 5397.813; -1964.514
8.04; 6569.829; 5397.818; -1964.721
8.05; 6569.841; 5397.821; -1964.94
8.06; 6569.85; 5397.824; -1965.169
8.07; 6569.857; 5397.827; -1965.408
8.08; 6569.864; 5397.83; -1965.658
8.09; 6569.868; 5397.832; -1965.916
8.1; 6569.871; 5397.834; -1966.183
8.11; 6569.872; 5397.835; -1966.457
8.12; 6569.871; 5397.837; -1966.737
8.13; 6569.869; 5397.838; -1967.022
8.14; 6569.865; 5397.839; -1967.31
8.15; 6569.858; 5397.84; -1967.603
8.16; 6569.851; 5397.841; -1967.897
8.17; 6569.843; 5397.841; -1968.191
8.18; 6569.833; 5397.841; -1968.484
8.19; 6569.823; 5397.841; -1968.777
8.2; 6569.81; 5397.841; -1969.067
8.21; 6569.798; 5397.841; -1969.356
8.22; 6569.782; 5397.84; -1969.64
8.23; 6569.768; 5397.839; -1969.921
8.24; 6569.752; 5397.838; -1970.199
8.25; 6569.735; 5397.836; -1970.471
8.26; 6569.716; 5397.835; -1970.738
8.27; 6569.697; 5397.832; -1970.999
8.28; 6569.679; 5397.83; -1971.254
8.29; 6569.659; 5397.827; -1971.501
8.3; 6569.638; 5397.825; -1971.74
8.31; 6569.618; 5397.822; -1971.97
8.32; 6569.596; 5397.82; -1972.189
8.33; 6569.575; 5397.818; -1972.4
8.34; 6569.553; 5397.815; -1972.596
8.35; 6569.53; 5397.812; -1972.78
8.36; 6569.509; 5397.809; -1972.95
8.37; 6569.486; 5397.807; -1973.105
8.38; 6569.464; 5397.804; -1973.247
8.39; 6569.441; 5397.801; -1973.372
8.4; 6569.419; 5397.798; -1973.481
8.41; 6569.384; 5397.794; -1973.616
8.42; 6569.351; 5397.789; -1973.718
8.43; 6569.293; 5397.78; -1973.807
8.44; 6569.205; 5397.762; -1973.746
8.45; 6569.164; 5397.754; -1973.62
8.46; 6569.136; 5397.748; -1973.484
8.47; 6569.118; 5397.745; -1973.374
8.48; 6569.102; 5397.742; -1973.248
8.49; 6569.087; 5397.739; -1973.108
8.5; 6569.074; 5397.736; -1972.951
8.51; 6569.061; 5397.733; -1972.783
8.52; 6569.05; 5397.731; -1972.601
8.53; 6569.041; 5397.728; -1972.407
8.54; 6569.033; 5397.725; -1972.2
8.55; 6569.026; 5397.723; -1971.983
8.56; 6569.022; 5397.722; -1971.759
8.57; 6569.018; 5397.719; -1971.523
8.58; 6569.017; 5397.717; -1971.279
8.59; 6569.016; 5397.715; -1971.029
8.6; 6569.017; 5397.713; -1970.771
8.61; 6569.02; 5397.711; -1970.506
8.62; 6569.024; 5397.711; -1970.236
8.63; 6569.03; 5397.71; -1969.961
8.64; 6569.038; 5397.709; -1969.68
8.65; 6569.045; 5397.709; -1969.393
8.66; 6569.054; 5397.709; -1969.104
8.67; 6569.065; 5397.709; -1968.811
8.68; 6569.076; 5397.71; -1968.516
8.69; 6569.089; 5397.71; -1968.22
8.7; 6569.103; 5397.711; -1967.924
8.71; 6569.118; 5397.711; -1967.628
8.72; 6569.133; 5397.713; -1967.335
8.73; 6569.15; 5397.714; -1967.045
8.74; 6569.168; 5397.714; -1966.759
8.75; 6569.186; 5397.715; -1966.481
8.76; 6569.204; 5397.716; -1966.207
8.77; 6569.224; 5397.717; -1965.941
8.78; 6569.243; 5397.718; -1965.683
8.79; 6569.264; 5397.719; -1965.434
8.8; 6569.284; 5397.721; -1965.195
8.81; 6569.306; 5397.723; -1964.967
8.82; 6569.329; 5397.724; -1964.749
8.83; 6569.351; 5397.726; -1964.541
8.84; 6569.375; 5397.729; -1964.347
8.85; 6569.399; 5397.731; -1964.165
8.86; 6569.423; 5397.735; -1963.995
8.87; 6569.447; 5397.738; -1963.84
8.88; 6569.472; 5397.742; -1963.7
8.89; 6569.497; 5397.745; -1963.575
8.9; 6569.523; 5397.749; -1963.464
8.91; 6569.56; 5397.755; -1963.332
8.92; 6569.597; 5397.761; -1963.236
8.93; 6569.667; 5397.772; -1963.166
8.94; 6569.73; 5397.784; -1963.251
8.95; 6569.758; 5397.79; -1963.347
8.96; 6569.784; 5397.795; -1963.478
8.97; 6569.799; 5397.798; -1963.585
8.98; 6569.813; 5397.803; -1963.706
8.99; 6569.827; 5397.806; -1963.841
9.0; 6569.838; 5397.809; -1963.988
9.01; 6569.848; 5397.812; -1964.149
9.02; 6569.857; 5397.815; -1964.324
9.03; 6569.864; 5397.818; -1964.511
9.04; 6569.869; 5397.82; -1964.711
9.05; 6569.874; 5397.822; -1964.921
9.06; 6569.876; 5397.824; -1965.145
9.07; 6569.877; 5397.825; -1965.378
9.08; 6569.876; 5397.826; -1965.623
9.09; 6569.873; 5397.827; -1965.876
9.1; 6569.87; 5397.828; -1966.139
9.11; 6569.865; 5397.829; -1966.409
9.12; 6569.86; 5397.829; -1966.684
9.13; 6569.852; 5397.83; -1966.966
9.14; 6569.844; 5397.83; -1967.252
9.15; 6569.836; 5397.831; -1967.542
9.16; 6569.826; 5397.831; -1967.833
9.17; 6569.815; 5397.831; -1968.126
9.18; 6569.803; 5397.832; -1968.42
9.19; 6569.79; 5397.832; -1968.713
9.2; 6569.777; 5397.831; -1969.006
9.21; 6569.762; 5397.831; -1969.297
9.22; 6569.746; 5397.83; -1969.585
9.23; 6569.73; 5397.828; -1969.87
9.24; 6569.713; 5397.827; -1970.153
9.25; 6569.694; 5397.825; -1970.429
9.26; 6569.674; 5397.823; -1970.701
9.27; 6569.654; 5397.821; -1970.965
9.28; 6569.632; 5397.819; -1971.223
9.29; 6569.611; 5397.816; -1971.472
9.3; 6569.588; 5397.813; -1971.711
9.31; 6569.565; 5397.81; -1971.94
9.32; 6569.542; 5397.807; -1972.157
9.33; 6569.517; 5397.805; -1972.363
9.34; 6569.492; 5397.801; -1972.554
9.35; 6569.467; 5397.798; -1972.733
9.36; 6569.442; 5397.795; -1972.897
9.37; 6569.417; 5397.793; -1973.049
9.38; 6569.392; 5397.789; -1973.184
9.39; 6569.367; 5397.785; -1973.305
9.4; 6569.342; 5397.782; -1973.411
9.41; 6569.305; 5397.776; -1973.544
9.42; 6569.269; 5397.77; -1973.645
9.43; 6569.213; 5397.761; -1973.74
9.44; 6569.128; 5397.743; -1973.67
9.45; 6569.098; 5397.739; -1973.54
9.46; 6569.078; 5397.735; -1973.4
9.47; 6569.068; 5397.733; -1973.288
9.48; 6569.059; 5397.732; -1973.161
9.49; 6569.05; 5397.73; -1973.019
9.5; 6569.043; 5397.728; -1972.864
9.51; 6569.038; 5397.727; -1972.695
9.52; 6569.033; 5397.725; -1972.514
9.53; 6569.03; 5397.723; -1972.32
9.54; 6569.028; 5397.721; -1972.115
9.55; 6569.026; 5397.72; -1971.9
9.56; 6569.027; 5397.719; -1971.676
9.57; 6569.028; 5397.717; -1971.44
9.58; 6569.03; 5397.715; -1971.196
9.59; 6569.033; 5397.714; -1970.943
9.6; 6569.039; 5397.713; -1970.681
9.61; 6569.045; 5397.713; -1970.414
9.62; 6569.052; 5397.712; -1970.137
9.63; 6569.06; 5397.711; -1969.855
9.64; 6569.069; 5397.712; -1969.569
9.65; 6569.08; 5397.712; -1969.277
9.66; 6569.092; 5397.712; -1968.983
9.67; 6569.105; 5397.713; -1968.687
9.68; 6569.119; 5397.714; -1968.388
9.69; 6569.135; 5397.714; -1968.091
9.7; 6569.152; 5397.715; -1967.796
9.71; 6569.169; 5397.716; -1967.502
9.72; 6569.187; 5397.717; -1967.213
9.73; 6569.208; 5397.718; -1966.929
9.74; 6569.228; 5397.72; -1966.65
9.75; 6569.25; 5397.721; -1966.379
9.76; 6569.273; 5397.723; -1966.113
9.77; 6569.296; 5397.725; -1965.856
9.78; 6569.321; 5397.727; -1965.608
9.79; 6569.345; 5397.73; -1965.369
9.8; 6569.37; 5397.732; -1965.139
9.81; 6569.396; 5397.735; -1964.92
9.82; 6569.423; 5397.738; -1964.71
9.83; 6569.448; 5397.742; -1964.513
9.84; 6569.474; 5397.746; -1964.326
9.85; 6569.501; 5397.749; -1964.152
9.86; 6569.527; 5397.753; -1963.991
9.87; 6569.551; 5397.757; -1963.843
9.88; 6569.577; 5397.761; -1963.711
9.89; 6569.602; 5397.764; -1963.594
9.9; 6569.626; 5397.767; -1963.492
9.91; 6569.659; 5397.773; -1963.37
9.92; 6569.7; 5397.779; -1963.264
9.93; 6569.794; 5397.795; -1963.309
9.94; 6569.82; 5397.8; -1963.445
9.95; 6569.837; 5397.804; -1963.587
9.96; 6569.846; 5397.807; -1963.7
9.97; 6569.854; 5397.809; -1963.828
9.98; 6569.862; 5397.812; -1963.973
9.99; 6569.868; 5397.814; -1964.131
10.0; 6569.872; 5397.816; -1964.304
10.01; 6569.876; 5397.817; -1964.49
10.02; 6569.879; 5397.82; -1964.692
10.03; 6569.88; 5397.821; -1964.906
10.04; 6569.88; 5397.822; -1965.131
10.05; 6569.878; 5397.824; -1965.367
10.06; 6569.875; 5397.825; -1965.614
10.07; 6569.871; 5397.825; -1965.868
10.08; 6569.865; 5397.826; -1966.131
10.09; 6569.858; 5397.827; -1966.402
10.1; 6569.85; 5397.827; -1966.677
10.11; 6569.84; 5397.828; -1966.957
10.12; 6569.83; 5397.828; -1967.241
10.13; 6569.818; 5397.829; -1967.529
10.14; 6569.806; 5397.828; -1967.818
10.15; 6569.792; 5397.828; -1968.107
10.16; 6569.776; 5397.828; -1968.398
10.17; 6569.759; 5397.826; -1968.687
10.18; 6569.74; 5397.825; -1968.976
10.19; 6569.721; 5397.823; -1969.264
10.2; 6569.701; 5397.821; -1969.549
10.21; 6569.679; 5397.819; -1969.83
10.22; 6569.657; 5397.816; -1970.108
10.23; 6569.634; 5397.812; -1970.379
10.24; 6569.609; 5397.81; -1970.647
10.25; 6569.585; 5397.807; -1970.907
10.26; 6569.559; 5397.804; -1971.159
10.27; 6569.534; 5397.801; -1971.403
10.28; 6569.509; 5397.797; -1971.638
10.29; 6569.483; 5397.794; -1971.861
10.3; 6569.458; 5397.791; -1972.075
10.31; 6569.433; 5397.788; -1972.278
10.32; 6569.408; 5397.785; -1972.467
10.33; 6569.384; 5397.782; -1972.645
10.34; 6569.359; 5397.779; -1972.81
10.35; 6569.336; 5397.776; -1972.964
10.36; 6569.313; 5397.773; -1973.104
10.37; 6569.29; 5397.77; -1973.23
10.38; 6569.268; 5397.767; -1973.344
10.39; 6569.247; 5397.764; -1973.443
10.4; 6569.218; 5397.759; -1973.566
10.41; 6569.18; 5397.753; -1973.678
10.42; 6569.089; 5397.736; -1973.631
10.43; 6569.072; 5397.733; -1973.528
10.44; 6569.058; 5397.731; -1973.388
10.45; 6569.049; 5397.728; -1973.275
10.46; 6569.041; 5397.727; -1973.147
10.47; 6569.036; 5397.725; -1973.005
10.48; 6569.031; 5397.723; -1972.85
10.49; 6569.027; 5397.721; -1972.68
10.5; 6569.024; 5397.72; -1972.5
10.51; 6569.022; 5397.718; -1972.306
10.52; 6569.023; 5397.717; -1972.102
10.53; 6569.023; 5397.715; -1971.888
10.54; 6569.026; 5397.714; -1971.663
10.55; 6569.03; 5397.713; -1971.428
10.56; 6569.037; 5397.712; -1971.184
10.57; 6569.044; 5397.711; -1970.932
10.58; 6569.053; 5397.711; -1970.674
10.59; 6569.063; 5397.711; -1970.406
10.6; 6569.074; 5397.712; -1970.132
10.61; 6569.088; 5397.712; -1969.854
10.62; 6569.102; 5397.714; -1969.572
10.63; 6569.118; 5397.715; -1969.286
10.64; 6569.136; 5397.716; -1968.998
10.65; 6569.154; 5397.717; -1968.707
10.66; 6569.174; 5397.719; -1968.417
10.67; 6569.194; 5397.721; -1968.128
10.68; 6569.216; 5397.723; -1967.84
10.69; 6569.238; 5397.725; -1967.555
10.7; 6569.261; 5397.727; -1967.273
10.71; 6569.284; 5397.729; -1966.995
10.72; 6569.308; 5397.731; -1966.721
10.73; 6569.332; 5397.733; -1966.452
10.74; 6569.357; 5397.735; -1966.19
10.75; 6569.381; 5397.737; -1965.933
10.76; 6569.406; 5397.741; -1965.685
10.77; 6569.43; 5397.743; -1965.442
10.78; 6569.455; 5397.746; -1965.209
10.79; 6569.48; 5397.749; -1964.984
10.8; 6569.504; 5397.751; -1964.771
10.81; 6569.528; 5397.754; -1964.567
10.82; 6569.552; 5397.757; -1964.375
10.83; 6569.574; 5397.76; -1964.197
10.84; 6569.598; 5397.762; -1964.031
10.85; 6569.619; 5397.765; -1963.88
10.86; 6569.64; 5397.767; -1963.743
10.87; 6569.662; 5397.77; -1963.624
10.88; 6569.682; 5397.773; -1963.52
10.89; 6569.711; 5397.776; -1963.394
10.9; 6569.747; 5397.781; -1963.284
10.91; 6569.835; 5397.799; -1963.352
10.92; 6569.852; 5397.802; -1963.459
10.93; 6569.866; 5397.806; -1963.603
10.94; 6569.873; 5397.809; -1963.717
10.95; 6569.879; 5397.811; -1963.848
10.96; 6569.884; 5397.814; -1963.994
10.97; 6569.887; 5397.815; -1964.153
10.98; 6569.889; 5397.816; -1964.327
10.99; 6569.889; 5397.818; -1964.514
11.0; 6569.886; 5397.819; -1964.714
11.01; 6569.883; 5397.82; -1964.925
11.02; 6569.877; 5397.821; -1965.147
11.03; 6569.871; 5397.821; -1965.378
11.04; 6569.862; 5397.822; -1965.619
11.05; 6569.853; 5397.821; -1965.867
11.06; 6569.842; 5397.821; -1966.122
11.07; 6569.829; 5397.82; -1966.383
11.08; 6569.816; 5397.82; -1966.65
11.09; 6569.801; 5397.819; -1966.921
11.1; 6569.784; 5397.818; -1967.197
11.11; 6569.768; 5397.817; -1967.477
11.12; 6569.75; 5397.816; -1967.76
11.13; 6569.73; 5397.815; -1968.043
11.14; 6569.71; 5397.813; -1968.33
11.15; 6569.689; 5397.811; -1968.616
11.16; 6569.668; 5397.809; -1968.903
11.17; 6569.646; 5397.806; -1969.189
11.18; 6569.622; 5397.804; -1969.474
11.19; 6569.599; 5397.802; -1969.757
11.2; 6569.576; 5397.799; -1970.035
11.21; 6569.552; 5397.796; -1970.308
11.22; 6569.528; 5397.794; -1970.577
11.23; 6569.504; 5397.791; -1970.838
11.24; 6569.481; 5397.788; -1971.092
11.25; 6569.457; 5397.786; -1971.337
11.26; 6569.434; 5397.783; -1971.574
11.27; 6569.41; 5397.781; -1971.8
11.28; 6569.387; 5397.779; -1972.017
11.29; 6569.363; 5397.777; -1972.222
11.3; 6569.342; 5397.774; -1972.415
11.31; 6569.319; 5397.771; -1972.595
11.32; 6569.296; 5397.769; -1972.764
11.33; 6569.274; 5397.766; -1972.919
11.34; 6569.253; 5397.764; -1973.062
11.35; 6569.232; 5397.761; -1973.191
11.36; 6569.21; 5397.758; -1973.305
11.37; 6569.19; 5397.755; -1973.405
11.38; 6569.161; 5397.75; -1973.527
11.39; 6569.125; 5397.745; -1973.635
11.4; 6569.042; 5397.729; -1973.567
11.41; 6569.027; 5397.727; -1973.462
11.42; 6569.018; 5397.725; -1973.324
11.43; 6569.013; 5397.723; -1973.213
11.44; 6569.009; 5397.722; -1973.09
11.45; 6569.008; 5397.721; -1972.953
11.46; 6569.007; 5397.721; -1972.804
11.47; 6569.008; 5397.72; -1972.642
11.48; 6569.011; 5397.72; -1972.47
11.49; 6569.016; 5397.719; -1972.284
11.5; 6569.022; 5397.719; -1972.088
11.51; 6569.028; 5397.719; -1971.881
11.52; 6569.037; 5397.72; -1971.663
11.53; 6569.047; 5397.72; -1971.435
11.54; 6569.058; 5397.721; -1971.197
11.55; 6569.071; 5397.722; -1970.95
11.56; 6569.085; 5397.723; -1970.696
11.57; 6569.101; 5397.724; -1970.434
11.58; 6569.116; 5397.726; -1970.165
11.59; 6569.133; 5397.728; -1969.89
11.6; 6569.15; 5397.73; -1969.611
11.61; 6569.17; 5397.731; -1969.327
11.62; 6569.189; 5397.733; -1969.041
11.63; 6569.209; 5397.734; -1968.754
11.64; 6569.229; 5397.736; -1968.466
11.65; 6569.25; 5397.738; -1968.178
11.66; 6569.272; 5397.739; -1967.89
11.67; 6569.293; 5397.741; -1967.604
11.68; 6569.315; 5397.743; -1967.321
11.69; 6569.338; 5397.745; -1967.041
11.7; 6569.361; 5397.747; -1966.765
11.71; 6569.384; 5397.749; -1966.494
11.72; 6569.407; 5397.751; -1966.227
11.73; 6569.431; 5397.753; -1965.967
11.74; 6569.455; 5397.755; -1965.716
11.75; 6569.479; 5397.758; -1965.473
11.76; 6569.503; 5397.761; -1965.238
11.77; 6569.528; 5397.763; -1965.013
11.78; 6569.552; 5397.765; -1964.8
11.79; 6569.575; 5397.768; -1964.598
11.8; 6569.598; 5397.772; -1964.411
11.81; 6569.621; 5397.774; -1964.236
11.82; 6569.644; 5397.776; -1964.075
11.83; 6569.666; 5397.779; -1963.929
11.84; 6569.687; 5397.782; -1963.798
11.85; 6569.708; 5397.785; -1963.683
11.86; 6569.728; 5397.788; -1963.584
11.87; 6569.755; 5397.792; -1963.463
11.88; 6569.79; 5397.797; -1963.356
11.89; 6569.863; 5397.812; -1963.437
11.9; 6569.872; 5397.814; -1963.55
11.91; 6569.876; 5397.816; -1963.697
11.92; 6569.876; 5397.817; -1963.815
11.93; 6569.875; 5397.818; -1963.948
11.94; 6569.873; 5397.818; -1964.094
11.95; 6569.868; 5397.819; -1964.255
11.96; 6569.862; 5397.819; -1964.429
11.97; 6569.856; 5397.819; -1964.616
11.98; 6569.847; 5397.819; -1964.816
11.99; 6569.838; 5397.819; -1965.026
12.0; 6569.828; 5397.818; -1965.246
12.01; 6569.817; 5397.818; -1965.476
12.02; 6569.805; 5397.817; -1965.715
12.03; 6569.791; 5397.816; -1965.962
12.04; 6569.777; 5397.816; -1966.218
12.05; 6569.762; 5397.815; -1966.479
12.06; 6569.746; 5397.814; -1966.747
12.07; 6569.728; 5397.814; -1967.021
12.08; 6569.71; 5397.812; -1967.299
12.09; 6569.693; 5397.811; -1967.582
12.1; 6569.673; 5397.809; -1967.867
12.11; 6569.653; 5397.809; -1968.158
12.12; 6569.632; 5397.806; -1968.445
12.13; 6569.611; 5397.804; -1968.736
12.14; 6569.589; 5397.802; -1969.024
12.15; 6569.566; 5397.8; -1969.311
12.16; 6569.543; 5397.798; -1969.596
12.17; 6569.52; 5397.795; -1969.875
12.18; 6569.496; 5397.793; -1970.149
12.19; 6569.471; 5397.791; -1970.418
12.2; 6569.448; 5397.788; -1970.68
12.21; 6569.424; 5397.785; -1970.934
12.22; 6569.399; 5397.783; -1971.179
12.23; 6569.374; 5397.78; -1971.414
12.24; 6569.35; 5397.777; -1971.641
12.25; 6569.326; 5397.775; -1971.857
12.26; 6569.301; 5397.772; -1972.062
12.27; 6569.278; 5397.769; -1972.257
12.28; 6569.255; 5397.766; -1972.441
12.29; 6569.232; 5397.763; -1972.612
12.3; 6569.209; 5397.76; -1972.773
12.31; 6569.188; 5397.757; -1972.92
12.32; 6569.168; 5397.754; -1973.055
12.33; 6569.148; 5397.751; -1973.176
12.34; 6569.129; 5397.748; -1973.282
12.35; 6569.103; 5397.744; -1973.415
12.36; 6569.08; 5397.74; -1973.514
12.37; 6569.044; 5397.735; -1973.609
12.38; 6569.016; 5397.729; -1973.491
12.39; 6569.012; 5397.728; -1973.385
12.4; 6569.011; 5397.728; -1973.247
12.41; 6569.013; 5397.727; -1973.138
12.42; 6569.016; 5397.726; -1973.013
12.43; 6569.019; 5397.726; -1972.876
12.44; 6569.025; 5397.726; -1972.725
12.45; 6569.031; 5397.726; -1972.561
12.46; 6569.038; 5397.726; -1972.384
12.47; 6569.046; 5397.727; -1972.194
12.48; 6569.055; 5397.727; -1971.992
12.49; 6569.065; 5397.728; -1971.779
12.5; 6569.077; 5397.729; -1971.554
12.51; 6569.09; 5397.729; -1971.319
12.52; 6569.104; 5397.731; -1971.076
12.53; 6569.117; 5397.731; -1970.822
12.54; 6569.133; 5397.733; -1970.562
12.55; 6569.15; 5397.734; -1970.295
12.56; 6569.167; 5397.735; -1970.024
12.57; 6569.186; 5397.737; -1969.748
12.58; 6569.205; 5397.738; -1969.468
12.59; 6569.224; 5397.739; -1969.186
12.6; 6569.245; 5397.741; -1968.902
12.61; 6569.266; 5397.742; -1968.617
12.62; 6569.289; 5397.744; -1968.333
12.63; 6569.312; 5397.746; -1968.048
12.64; 6569.335; 5397.748; -1967.766
12.65; 6569.359; 5397.751; -1967.485
12.66; 6569.383; 5397.753; -1967.207
12.67; 6569.408; 5397.755; -1966.933
12.68; 6569.434; 5397.758; -1966.663
12.69; 6569.459; 5397.761; -1966.4
12.7; 6569.484; 5397.764; -1966.141
12.71; 6569.51; 5397.766; -1965.889
12.72; 6569.535; 5397.77; -1965.647
12.73; 6569.56; 5397.772; -1965.412
12.74; 6569.585; 5397.775; -1965.187
12.75; 6569.608; 5397.778; -1964.973
12.76; 6569.632; 5397.78; -1964.77
12.77; 6569.654; 5397.783; -1964.578
12.78; 6569.676; 5397.785; -1964.399
12.79; 6569.696; 5397.787; -1964.233
12.8; 6569.716; 5397.789; -1964.08
12.81; 6569.734; 5397.791; -1963.941
12.82; 6569.752; 5397.793; -1963.816
12.83; 6569.768; 5397.795; -1963.705
12.84; 6569.789; 5397.798; -1963.565
12.85; 6569.809; 5397.8; -1963.457
12.86; 6569.834; 5397.804; -1963.355
12.87; 6569.861; 5397.809; -1963.452
12.88; 6569.863; 5397.809; -1963.561
12.89; 6569.861; 5397.81; -1963.707
12.9; 6569.859; 5397.81; -1963.824
12.91; 6569.855; 5397.811; -1963.958
12.92; 6569.85; 5397.811; -1964.104
12.93; 6569.844; 5397.812; -1964.266
12.94; 6569.837; 5397.811; -1964.44
12.95; 6569.829; 5397.811; -1964.626
12.96; 6569.821; 5397.811; -1964.825
12.97; 6569.81; 5397.81; -1965.034
12.98; 6569.799; 5397.81; -1965.254
12.99; 6569.786; 5397.81; -1965.483
13.0; 6569.772; 5397.809; -1965.72
13.01; 6569.757; 5397.809; -1965.966
13.02; 6569.741; 5397.808; -1966.22
13.03; 6569.724; 5397.806; -1966.479
13.04; 6569.706; 5397.805; -1966.745
13.05; 6569.687; 5397.803; -1967.016
13.06; 6569.667; 5397.801; -1967.292
13.07; 6569.646; 5397.799; -1967.571
13.08; 6569.624; 5397.797; -1967.853
13.09; 6569.601; 5397.794; -1968.136
13.1; 6569.577; 5397.792; -1968.421
13.11; 6569.553; 5397.789; -1968.704
13.12; 6569.528; 5397.787; -1968.987
13.13; 6569.503; 5397.784; -1969.266
13.14; 6569.478; 5397.781; -1969.543
13.15; 6569.454; 5397.778; -1969.815
13.16; 6569.429; 5397.775; -1970.083
13.17; 6569.404; 5397.772; -1970.344
13.18; 6569.379; 5397.77; -1970.601
13.19; 6569.355; 5397.767; -1970.849
13.2; 6569.331; 5397.764; -1971.091
13.21; 6569.307; 5397.761; -1971.325
13.22; 6569.284; 5397.759; -1971.551
13.23; 6569.263; 5397.756; -1971.768
13.24; 6569.241; 5397.753; -1971.976
13.25; 6569.22; 5397.751; -1972.174
13.26; 6569.199; 5397.748; -1972.361
13.27; 6569.181; 5397.746; -1972.537
13.28; 6569.163; 5397.744; -1972.701
13.29; 6569.148; 5397.741; -1972.854
13.3; 6569.132; 5397.739; -1972.992
13.31; 6569.117; 5397.738; -1973.117
13.32; 6569.103; 5397.736; -1973.227
13.33; 6569.084; 5397.735; -1973.364
13.34; 6569.068; 5397.732; -1973.465
13.35; 6569.046; 5397.729; -1973.563
13.36; 6569.029; 5397.724; -1973.448
13.37; 6569.028; 5397.724; -1973.343
13.38; 6569.03; 5397.723; -1973.204
13.39; 6569.033; 5397.722; -1973.094
13.4; 6569.038; 5397.722; -1972.97
13.41; 6569.044; 5397.721; -1972.832
13.42; 6569.051; 5397.722; -1972.68
13.43; 6569.059; 5397.722; -1972.516
13.44; 6569.068; 5397.723; -1972.339
13.45; 6569.079; 5397.724; -1972.149
13.46; 6569.09; 5397.725; -1971.948
13.47; 6569.104; 5397.727; -1971.737
13.48; 6569.119; 5397.728; -1971.514
13.49; 6569.135; 5397.729; -1971.283
13.5; 6569.152; 5397.731; -1971.044
13.51; 6569.17; 5397.733; -1970.797
13.52; 6569.19; 5397.734; -1970.543
13.53; 6569.21; 5397.736; -1970.285
13.54; 6569.232; 5397.737; -1970.022
13.55; 6569.253; 5397.74; -1969.754
13.56; 6569.276; 5397.742; -1969.483
13.57; 6569.3; 5397.744; -1969.209
13.58; 6569.323; 5397.746; -1968.933
13.59; 6569.348; 5397.748; -1968.655
13.6; 6569.372; 5397.751; -1968.376
13.61; 6569.397; 5397.753; -1968.096
13.62; 6569.422; 5397.756; -1967.817
13.63; 6569.446; 5397.759; -1967.539
13.64; 6569.471; 5397.761; -1967.263
13.65; 6569.496; 5397.763; -1966.989
13.66; 6569.52; 5397.766; -1966.72
13.67; 6569.544; 5397.768; -1966.456
13.68; 6569.567; 5397.77; -1966.196
13.69; 6569.59; 5397.773; -1965.944
13.7; 6569.613; 5397.775; -1965.7
13.71; 6569.634; 5397.777; -1965.464
13.72; 6569.654; 5397.778; -1965.237
13.73; 6569.675; 5397.78; -1965.022
13.74; 6569.693; 5397.781; -1964.817
13.75; 6569.712; 5397.782; -1964.624
13.76; 6569.729; 5397.784; -1964.444
13.77; 6569.746; 5397.785; -1964.275
13.78; 6569.762; 5397.786; -1964.122
13.79; 6569.776; 5397.787; -1963.979
13.8; 6569.79; 5397.789; -1963.852
13.81; 6569.803; 5397.79; -1963.74
13.82; 6569.82; 5397.793; -1963.598
13.83; 6569.836; 5397.795; -1963.491
13.84; 6569.857; 5397.798; -1963.391
13.85; 6569.874; 5397.802; -1963.502
13.86; 6569.871; 5397.803; -1963.614
13.87; 6569.865; 5397.803; -1963.761
13.88; 6569.861; 5397.802; -1963.877
13.89; 6569.853; 5397.802; -1964.008
13.9; 6569.846; 5397.802; -1964.152
13.91; 6569.837; 5397.801; -1964.309
13.92; 6569.826; 5397.8; -1964.477
13.93; 6569.813; 5397.8; -1964.657
13.94; 6569.8; 5397.799; -1964.849
13.95; 6569.786; 5397.798; -1965.051
13.96; 6569.77; 5397.797; -1965.263
13.97; 6569.753; 5397.795; -1965.484
13.98; 6569.735; 5397.793; -1965.714
13.99; 6569.716; 5397.792; -1965.952
14.0; 6569.696; 5397.79; -1966.2
14.01; 6569.674; 5397.788; -1966.454
14.02; 6569.653; 5397.785; -1966.714
14.03; 6569.631; 5397.783; -1966.981
14.04; 6569.608; 5397.78; -1967.253
14.05; 6569.585; 5397.778; -1967.528
14.06; 6569.562; 5397.776; -1967.807
14.07; 6569.538; 5397.773; -1968.087
14.08; 6569.514; 5397.771; -1968.369
14.09; 6569.49; 5397.769; -1968.65
14.1; 6569.467; 5397.766; -1968.931
14.11; 6569.443; 5397.764; -1969.209
14.12; 6569.421; 5397.762; -1969.484
14.13; 6569.398; 5397.759; -1969.756
14.14; 6569.375; 5397.758; -1970.024
14.15; 6569.353; 5397.756; -1970.287
14.16; 6569.331; 5397.754; -1970.544
14.17; 6569.31; 5397.752; -1970.796
14.18; 6569.289; 5397.749; -1971.04
14.19; 6569.268; 5397.747; -1971.276
14.2; 6569.25; 5397.745; -1971.504
14.21; 6569.23; 5397.743; -1971.723
14.22; 6569.211; 5397.741; -1971.931
14.23; 6569.192; 5397.739; -1972.131
14.24; 6569.175; 5397.737; -1972.318
14.25; 6569.159; 5397.735; -1972.493
14.26; 6569.143; 5397.733; -1972.655
14.27; 6569.128; 5397.731; -1972.803
14.28; 6569.114; 5397.73; -1972.938
14.29; 6569.102; 5397.729; -1973.059
14.3; 6569.089; 5397.728; -1973.165
14.31; 6569.073; 5397.726; -1973.295
14.32; 6569.056; 5397.724; -1973.417
14.33; 6569.043; 5397.719; -1973.316
14.34; 6569.051; 5397.719; -1973.196
14.35; 6569.062; 5397.72; -1973.043
14.36; 6569.072; 5397.72; -1972.923
14.37; 6569.082; 5397.722; -1972.791
14.38; 6569.093; 5397.724; -1972.646
14.39; 6569.106; 5397.725; -1972.486
14.4; 6569.12; 5397.727; -1972.314
14.41; 6569.136; 5397.729; -1972.13
14.42; 6569.152; 5397.731; -1971.935
14.43; 6569.17; 5397.733; -1971.729
14.44; 6569.188; 5397.735; -1971.515
14.45; 6569.207; 5397.737; -1971.289
14.46; 6569.227; 5397.739; -1971.055
14.47; 6569.247; 5397.741; -1970.813
14.48; 6569.268; 5397.742; -1970.564
14.49; 6569.289; 5397.745; -1970.31
14.5; 6569.31; 5397.747; -1970.05
14.51; 6569.333; 5397.748; -1969.784
14.52; 6569.355; 5397.75; -1969.514
14.53; 6569.376; 5397.752; -1969.24
14.54; 6569.4; 5397.754; -1968.964
14.55; 6569.421; 5397.756; -1968.685
14.56; 6569.445; 5397.759; -1968.405
14.57; 6569.467; 5397.761; -1968.123
14.58; 6569.489; 5397.762; -1967.841
14.59; 6569.512; 5397.765; -1967.563
14.6; 6569.534; 5397.767; -1967.285
14.61; 6569.557; 5397.769; -1967.013
14.62; 6569.578; 5397.771; -1966.743
14.63; 6569.601; 5397.773; -1966.481
14.64; 6569.621; 5397.775; -1966.224
14.65; 6569.642; 5397.776; -1965.975
14.66; 6569.662; 5397.778; -1965.736
14.67; 6569.682; 5397.78; -1965.505
14.68; 6569.702; 5397.781; -1965.283
14.69; 6569.72; 5397.782; -1965.072
14.7; 6569.738; 5397.784; -1964.872
14.71; 6569.754; 5397.786; -1964.684
14.72; 6569.77; 5397.787; -1964.508
14.73; 6569.785; 5397.789; -1964.343
14.74; 6569.8; 5397.79; -1964.191
14.75; 6569.814; 5397.792; -1964.053
14.76; 6569.824; 5397.793; -1963.927
14.77; 6569.835; 5397.794; -1963.815
14.78; 6569.849; 5397.796; -1963.674
14.79; 6569.859; 5397.798; -1963.566
14.8; 6569.868; 5397.799; -1963.464
14.81; 6569.854; 5397.798; -1963.588
14.82; 6569.843; 5397.797; -1963.703
14.83; 6569.829; 5397.795; -1963.851
14.84; 6569.819; 5397.794; -1963.968
14.85; 6569.807; 5397.793; -1964.098
14.86; 6569.794; 5397.792; -1964.242
14.87; 6569.781; 5397.791; -1964.399
14.88; 6569.766; 5397.789; -1964.567
14.89; 6569.752; 5397.788; -1964.749
14.9; 6569.735; 5397.787; -1964.942
14.91; 6569.718; 5397.785; -1965.146
14.92; 6569.701; 5397.784; -1965.362
14.93; 6569.683; 5397.782; -1965.587
14.94; 6569.664; 5397.78; -1965.821
14.95; 6569.644; 5397.778; -1966.064
14.96; 6569.625; 5397.776; -1966.317
14.97; 6569.604; 5397.774; -1966.575
14.98; 6569.584; 5397.772; -1966.84
14.99; 6569.562; 5397.77; -1967.109
15.0; 6569.54; 5397.768; -1967.383
15.01; 6569.519; 5397.766; -1967.66
15.02; 6569.497; 5397.764; -1967.938
15.03; 6569.475; 5397.762; -1968.217
15.04; 6569.453; 5397.76; -1968.496
15.05; 6569.43; 5397.759; -1968.774
15.06; 6569.407; 5397.757; -1969.05
15.07; 6569.386; 5397.755; -1969.323
15.08; 6569.364; 5397.753; -1969.593
15.09; 6569.341; 5397.75; -1969.858
15.1; 6569.321; 5397.748; -1970.119
15.11; 6569.299; 5397.746; -1970.375
15.12; 6569.277; 5397.743; -1970.624
15.13; 6569.257; 5397.741; -1970.869
15.14; 6569.235; 5397.739; -1971.104
15.15; 6569.216; 5397.737; -1971.333
15.16; 6569.198; 5397.735; -1971.553
15.17; 6569.18; 5397.733; -1971.763
15.18; 6569.163; 5397.73; -1971.962
15.19; 6569.146; 5397.729; -1972.152
15.2; 6569.132; 5397.727; -1972.329
15.21; 6569.118; 5397.726; -1972.495
15.22; 6569.105; 5397.725; -1972.648
15.23; 6569.094; 5397.724; -1972.787
15.24; 6569.085; 5397.723; -1972.915
15.25; 6569.077; 5397.722; -1973.028
15.26; 6569.07; 5397.722; -1973.128
15.27; 6569.062; 5397.722; -1973.251
15.28; 6569.058; 5397.721; -1973.367
15.29; 6569.092; 5397.723; -1973.252
15.3; 6569.107; 5397.725; -1973.126
15.31; 6569.118; 5397.726; -1973.021
15.32; 6569.131; 5397.728; -1972.904
15.33; 6569.143; 5397.729; -1972.772
15.34; 6569.157; 5397.731; -1972.627
15.35; 6569.172; 5397.733; -1972.469
15.36; 6569.188; 5397.734; -1972.297
15.37; 6569.204; 5397.736; -1972.114
15.38; 6569.221; 5397.738; -1971.919
15.39; 6569.239; 5397.74; -1971.715
15.4; 6569.257; 5397.741; -1971.501
15.41; 6569.277; 5397.743; -1971.277
15.42; 6569.295; 5397.745; -1971.046
15.43; 6569.315; 5397.747; -1970.807
15.44; 6569.335; 5397.748; -1970.561
15.45; 6569.356; 5397.751; -1970.309
15.46; 6569.378; 5397.752; -1970.051
15.47; 6569.4; 5397.755; -1969.789
15.48; 6569.421; 5397.757; -1969.522
15.49; 6569.443; 5397.759; -1969.253
15.5; 6569.466; 5397.762; -1968.979
15.51; 6569.488; 5397.764; -1968.705
15.52; 6569.512; 5397.767; -1968.43
15.53; 6569.534; 5397.769; -1968.153
15.54; 6569.557; 5397.772; -1967.879
15.55; 6569.58; 5397.774; -1967.606
15.56; 6569.603; 5397.776; -1967.336
15.57; 6569.624; 5397.779; -1967.069
15.58; 6569.645; 5397.781; -1966.807
15.59; 6569.666; 5397.783; -1966.551
15.6; 6569.686; 5397.785; -1966.301
15.61; 6569.705; 5397.786; -1966.057
15.62; 6569.723; 5397.788; -1965.822
15.63; 6569.74; 5397.79; -1965.596
15.64; 6569.757; 5397.791; -1965.377
15.65; 6569.771; 5397.793; -1965.168
15.66; 6569.785; 5397.794; -1964.968
15.67; 6569.797; 5397.795; -1964.778
15.68; 6569.809; 5397.796; -1964.599
15.69; 6569.819; 5397.797; -1964.432
15.7; 6569.828; 5397.797; -1964.276
15.71; 6569.837; 5397.798; -1964.134
15.72; 6569.843; 5397.798; -1964.004
15.73; 6569.848; 5397.799; -1963.888
15.74; 6569.851; 5397.799; -1963.787
15.75; 6569.855; 5397.798; -1963.662
15.76; 6569.856; 5397.797; -1963.553
15.77; 6569.818; 5397.792; -1963.673
15.78; 6569.804; 5397.79; -1963.797
15.79; 6569.793; 5397.79; -1963.901
15.8; 6569.782; 5397.789; -1964.016
15.81; 6569.77; 5397.788; -1964.145
15.82; 6569.757; 5397.787; -1964.289
15.83; 6569.742; 5397.785; -1964.444
15.84; 6569.727; 5397.784; -1964.611
15.85; 6569.71; 5397.783; -1964.793
15.86; 6569.693; 5397.781; -1964.985
15.87; 6569.675; 5397.78; -1965.188
15.88; 6569.657; 5397.778; -1965.402
15.89; 6569.637; 5397.777; -1965.625
15.9; 6569.617; 5397.774; -1965.856
15.91; 6569.596; 5397.772; -1966.096
15.92; 6569.575; 5397.77; -1966.343
15.93; 6569.551; 5397.768; -1966.596
15.94; 6569.53; 5397.765; -1966.854
15.95; 6569.507; 5397.763; -1967.117
15.96; 6569.484; 5397.761; -1967.382
15.97; 6569.461; 5397.759; -1967.65
15.98; 6569.438; 5397.757; -1967.92
15.99; 6569.415; 5397.755; -1968.191
16.0; 6569.392; 5397.753; -1968.462
16.01; 6569.369; 5397.751; -1968.732
16.02; 6569.347; 5397.749; -1969.002
16.03; 6569.325; 5397.747; -1969.27
16.04; 6569.302; 5397.745; -1969.535
16.05; 6569.283; 5397.742; -1969.798
16.06; 6569.263; 5397.74; -1970.056
16.07; 6569.243; 5397.738; -1970.311
16.08; 6569.224; 5397.736; -1970.56
16.09; 6569.207; 5397.735; -1970.805
16.1; 6569.189; 5397.734; -1971.042
16.11; 6569.174; 5397.732; -1971.271
16.12; 6569.16; 5397.731; -1971.491
16.13; 6569.146; 5397.73; -1971.703
16.14; 6569.134; 5397.729; -1971.904
16.15; 6569.123; 5397.728; -1972.094
16.16; 6569.113; 5397.728; -1972.272
16.17; 6569.105; 5397.728; -1972.44
16.18; 6569.096; 5397.728; -1972.593
16.19; 6569.09; 5397.728; -1972.734
16.2; 6569.085; 5397.728; -1972.862
16.21; 6569.081; 5397.728; -1972.977
16.22; 6569.078; 5397.729; -1973.079
16.23; 6569.074; 5397.729; -1973.204
16.24; 6569.075; 5397.729; -1973.321
16.25; 6569.116; 5397.734; -1973.197
16.26; 6569.131; 5397.736; -1973.068
16.27; 6569.143; 5397.738; -1972.963
16.28; 6569.156; 5397.74; -1972.845
16.29; 6569.169; 5397.741; -1972.713
16.3; 6569.185; 5397.743; -1972.569
16.31; 6569.201; 5397.745; -1972.414
16.32; 6569.218; 5397.747; -1972.245
16.33; 6569.235; 5397.749; -1972.067
16.34; 6569.253; 5397.752; -1971.879
16.35; 6569.272; 5397.754; -1971.681
16.36; 6569.292; 5397.756; -1971.473
16.37; 6569.312; 5397.758; -1971.257
16.38; 6569.333; 5397.76; -1971.033
16.39; 6569.356; 5397.762; -1970.801
16.4; 6569.377; 5397.764; -1970.562
16.41; 6569.4; 5397.767; -1970.316
16.42; 6569.422; 5397.769; -1970.065
16.43; 6569.444; 5397.772; -1969.809
16.44; 6569.467; 5397.775; -1969.547
16.45; 6569.489; 5397.777; -1969.28
16.46; 6569.511; 5397.78; -1969.011
16.47; 6569.534; 5397.782; -1968.74
16.48; 6569.555; 5397.784; -1968.467
16.49; 6569.576; 5397.786; -1968.194
16.5; 6569.596; 5397.788; -1967.92
16.51; 6569.616; 5397.79; -1967.649
16.52; 6569.635; 5397.791; -1967.38
16.53; 6569.654; 5397.792; -1967.116
16.54; 6569.67; 5397.793; -1966.855
16.55; 6569.687; 5397.794; -1966.599
16.56; 6569.703; 5397.795; -1966.349
16.57; 6569.718; 5397.796; -1966.105
16.58; 6569.732; 5397.796; -1965.868
16.59; 6569.744; 5397.797; -1965.64
16.6; 6569.757; 5397.797; -1965.42
16.61; 6569.768; 5397.797; -1965.209
16.62; 6569.778; 5397.798; -1965.008
16.63; 6569.787; 5397.798; -1964.817
16.64; 6569.796; 5397.798; -1964.638
16.65; 6569.802; 5397.799; -1964.471
16.66; 6569.809; 5397.799; -1964.317
16.67; 6569.815; 5397.799; -1964.175
16.68; 6569.819; 5397.799; -1964.048
16.69; 6569.822; 5397.798; -1963.935
16.7; 6569.826; 5397.798; -1963.794
16.71; 6569.825; 5397.797; -1963.687
16.72; 6569.817; 5397.795; -1963.58
16.73; 6569.785; 5397.791; -1963.676
16.74; 6569.763; 5397.788; -1963.813
16.75; 6569.744; 5397.786; -1963.953
16.76; 6569.729; 5397.784; -1964.063
16.77; 6569.713; 5397.783; -1964.187
16.78; 6569.698; 5397.781; -1964.323
16.79; 6569.681; 5397.779; -1964.474
16.8; 6569.662; 5397.777; -1964.636
16.81; 6569.644; 5397.774; -1964.81
16.82; 6569.624; 5397.773; -1964.997
16.83; 6569.604; 5397.77; -1965.195
16.84; 6569.584; 5397.768; -1965.403
16.85; 6569.562; 5397.765; -1965.62
16.86; 6569.54; 5397.763; -1965.845
16.87; 6569.518; 5397.76; -1966.079
16.88; 6569.497; 5397.758; -1966.321
16.89; 6569.475; 5397.756; -1966.569
16.9; 6569.454; 5397.754; -1966.822
16.91; 6569.432; 5397.752; -1967.08
16.92; 6569.411; 5397.75; -1967.342
16.93; 6569.389; 5397.749; -1967.607
16.94; 6569.369; 5397.748; -1967.875
16.95; 6569.349; 5397.746; -1968.145
16.96; 6569.329; 5397.745; -1968.414
16.97; 6569.309; 5397.744; -1968.686
16.98; 6569.291; 5397.742; -1968.956
16.99; 6569.273; 5397.741; -1969.226
17.0; 6569.256; 5397.74; -1969.493
17.01; 6569.239; 5397.738; -1969.756
17.02; 6569.223; 5397.736; -1970.015
17.03; 6569.207; 5397.735; -1970.27
17.04; 6569.192; 5397.734; -1970.519
17.05; 6569.178; 5397.733; -1970.761
17.06; 6569.164; 5397.732; -1970.997
17.07; 6569.152; 5397.731; -1971.223
17.08; 6569.14; 5397.731; -1971.44
17.09; 6569.129; 5397.731; -1971.648
17.1; 6569.12; 5397.73; -1971.845
17.11; 6569.112; 5397.73; -1972.031
17.12; 6569.104; 5397.73; -1972.206
17.13; 6569.096; 5397.73; -1972.368
17.14; 6569.091; 5397.73; -1972.518
17.15; 6569.086; 5397.73; -1972.655
17.16; 6569.081; 5397.731; -1972.781
17.17; 6569.079; 5397.731; -1972.893
17.18; 6569.077; 5397.731; -1973.037
17.19; 6569.079; 5397.731; -1973.151
17.2; 6569.085; 5397.732; -1973.255
17.21; 6569.144; 5397.742; -1973.164
17.22; 6569.164; 5397.746; -1973.053
17.23; 6569.187; 5397.748; -1972.91
17.24; 6569.202; 5397.751; -1972.799
17.25; 6569.219; 5397.753; -1972.673
17.26; 6569.237; 5397.756; -1972.536
17.27; 6569.255; 5397.759; -1972.388
17.28; 6569.273; 5397.761; -1972.226
17.29; 6569.292; 5397.763; -1972.054
17.3; 6569.312; 5397.765; -1971.871
17.31; 6569.331; 5397.767; -1971.677
17.32; 6569.351; 5397.769; -1971.474
17.33; 6569.371; 5397.772; -1971.261
17.34; 6569.391; 5397.773; -1971.038
17.35; 6569.412; 5397.776; -1970.808
17.36; 6569.431; 5397.778; -1970.569
17.37; 6569.452; 5397.78; -1970.324
17.38; 6569.471; 5397.782; -1970.072
17.39; 6569.492; 5397.784; -1969.815
17.4; 6569.511; 5397.786; -1969.553
17.41; 6569.53; 5397.788; -1969.287
17.42; 6569.55; 5397.79; -1969.019
17.43; 6569.569; 5397.791; -1968.749
17.44; 6569.586; 5397.793; -1968.478
17.45; 6569.605; 5397.794; -1968.208
17.46; 6569.622; 5397.795; -1967.939
17.47; 6569.638; 5397.796; -1967.671
17.48; 6569.655; 5397.797; -1967.407
17.49; 6569.671; 5397.797; -1967.146
17.5; 6569.685; 5397.799; -1966.89
17.51; 6569.701; 5397.799; -1966.639
17.52; 6569.715; 5397.8; -1966.394
17.53; 6569.728; 5397.8; -1966.154
17.54; 6569.739; 5397.801; -1965.923
17.55; 6569.752; 5397.801; -1965.698
17.56; 6569.763; 5397.802; -1965.483
17.57; 6569.771; 5397.803; -1965.276
17.58; 6569.781; 5397.803; -1965.079
17.59; 6569.788; 5397.803; -1964.893
17.6; 6569.794; 5397.803; -1964.717
17.61; 6569.799; 5397.803; -1964.551
17.62; 6569.804; 5397.802; -1964.4
17.63; 6569.806; 5397.802; -1964.261
17.64; 6569.808; 5397.801; -1964.136
17.65; 6569.808; 5397.8; -1964.024
17.66; 6569.805; 5397.799; -1963.882
17.67; 6569.798; 5397.797; -1963.772
17.68; 6569.782; 5397.793; -1963.664
17.69; 6569.724; 5397.783; -1963.749
17.7; 6569.703; 5397.78; -1963.849
17.71; 6569.68; 5397.777; -1963.982
17.72; 6569.665; 5397.775; -1964.089
17.73; 6569.649; 5397.773; -1964.21
17.74; 6569.631; 5397.771; -1964.345
17.75; 6569.614; 5397.769; -1964.493
17.76; 6569.595; 5397.767; -1964.655
17.77; 6569.578; 5397.765; -1964.829
17.78; 6569.558; 5397.763; -1965.015
17.79; 6569.54; 5397.761; -1965.212
17.8; 6569.521; 5397.759; -1965.419
17.81; 6569.501; 5397.758; -1965.634
17.82; 6569.482; 5397.755; -1965.858
17.83; 6569.463; 5397.753; -1966.09
17.84; 6569.444; 5397.752; -1966.33
17.85; 6569.425; 5397.751; -1966.577
17.86; 6569.406; 5397.749; -1966.826
17.87; 6569.386; 5397.749; -1967.082
17.88; 6569.368; 5397.747; -1967.341
17.89; 6569.349; 5397.746; -1967.604
17.9; 6569.33; 5397.744; -1967.867
17.91; 6569.313; 5397.743; -1968.134
17.92; 6569.294; 5397.742; -1968.4
17.93; 6569.277; 5397.74; -1968.666
17.94; 6569.259; 5397.739; -1968.932
17.95; 6569.242; 5397.737; -1969.196
17.96; 6569.226; 5397.736; -1969.458
17.97; 6569.21; 5397.735; -1969.716
17.98; 6569.195; 5397.734; -1969.969
17.99; 6569.181; 5397.732; -1970.217
18.0; 6569.167; 5397.732; -1970.461
18.01; 6569.156; 5397.731; -1970.698
18.02; 6569.145; 5397.73; -1970.927
18.03; 6569.134; 5397.73; -1971.148
18.04; 6569.126; 5397.729; -1971.361
18.05; 6569.119; 5397.729; -1971.565
18.06; 6569.111; 5397.73; -1971.76
18.07; 6569.106; 5397.73; -1971.944
18.08; 6569.102; 5397.73; -1972.118
18.09; 6569.098; 5397.731; -1972.282
18.1; 6569.096; 5397.732; -1972.434
18.11; 6569.096; 5397.733; -1972.575
18.12; 6569.096; 5397.734; -1972.703
18.13; 6569.099; 5397.734; -1972.82
18.14; 6569.102; 5397.735; -1972.923
18.15; 6569.11; 5397.737; -1973.054
18.16; 6569.122; 5397.74; -1973.179
18.17; 6569.209; 5397.755; -1973.09
18.18; 6569.23; 5397.759; -1972.97
18.19; 6569.254; 5397.762; -1972.819
18.2; 6569.269; 5397.764; -1972.702
18.21; 6569.286; 5397.766; -1972.572
18.22; 6569.302; 5397.768; -1972.431
18.23; 6569.319; 5397.769; -1972.275
18.24; 6569.337; 5397.771; -1972.11
18.25; 6569.355; 5397.773; -1971.934
18.26; 6569.373; 5397.775; -1971.747
18.27; 6569.39; 5397.777; -1971.549
18.28; 6569.409; 5397.778; -1971.342
18.29; 6569.428; 5397.78; -1971.127
18.3; 6569.447; 5397.782; -1970.903
18.31; 6569.466; 5397.784; -1970.671
18.32; 6569.484; 5397.787; -1970.432
18.33; 6569.504; 5397.788; -1970.188
18.34; 6569.523; 5397.791; -1969.939
18.35; 6569.543; 5397.792; -1969.685
18.36; 6569.562; 5397.794; -1969.428
18.37; 6569.58; 5397.796; -1969.169
18.38; 6569.599; 5397.797; -1968.907
18.39; 6569.616; 5397.799; -1968.644
18.4; 6569.633; 5397.8; -1968.381
18.41; 6569.65; 5397.801; -1968.119
18.42; 6569.665; 5397.802; -1967.857
18.43; 6569.681; 5397.803; -1967.598
18.44; 6569.695; 5397.804; -1967.341
18.45; 6569.708; 5397.804; -1967.087
18.46; 6569.721; 5397.804; -1966.837
18.47; 6569.732; 5397.805; -1966.591
18.48; 6569.742; 5397.805; -1966.35
18.49; 6569.751; 5397.805; -1966.115
18.5; 6569.76; 5397.805; -1965.888
18.51; 6569.767; 5397.805; -1965.667
18.52; 6569.773; 5397.805; -1965.456
18.53; 6569.778; 5397.804; -1965.252
18.54; 6569.78; 5397.803; -1965.058
18.55; 6569.783; 5397.802; -1964.875
18.56; 6569.784; 5397.801; -1964.704
18.57; 6569.784; 5397.799; -1964.543
18.58; 6569.783; 5397.797; -1964.396
18.59; 6569.781; 5397.796; -1964.263
18.6; 6569.777; 5397.795; -1964.143
18.61; 6569.772; 5397.793; -1964.038
18.62; 6569.763; 5397.79; -1963.904
18.63; 6569.754; 5397.787; -1963.803
18.64; 6569.727; 5397.782; -1963.702
18.65; 6569.675; 5397.775; -1963.805
18.66; 6569.655; 5397.772; -1963.904
18.67; 6569.634; 5397.768; -1964.038
18.68; 6569.618; 5397.767; -1964.146
18.69; 6569.602; 5397.765; -1964.267
18.7; 6569.586; 5397.763; -1964.401
18.71; 6569.568; 5397.761; -1964.548
18.72; 6569.551; 5397.76; -1964.707
18.73; 6569.533; 5397.757; -1964.878
18.74; 6569.514; 5397.756; -1965.059
18.75; 6569.496; 5397.754; -1965.251
18.76; 6569.477; 5397.752; -1965.453
18.77; 6569.458; 5397.75; -1965.661
18.78; 6569.439; 5397.748; -1965.877
18.79; 6569.419; 5397.747; -1966.102
18.8; 6569.401; 5397.745; -1966.334
18.81; 6569.381; 5397.744; -1966.572
18.82; 6569.362; 5397.742; -1966.815
18.83; 6569.343; 5397.741; -1967.063
18.84; 6569.326; 5397.739; -1967.315
18.85; 6569.308; 5397.737; -1967.571
18.86; 6569.29; 5397.736; -1967.83
18.87; 6569.274; 5397.735; -1968.092
18.88; 6569.258; 5397.733; -1968.353
18.89; 6569.242; 5397.732; -1968.616
18.9; 6569.227; 5397.732; -1968.879
18.91; 6569.214; 5397.731; -1969.141
18.92; 6569.201; 5397.73; -1969.4
18.93; 6569.189; 5397.729; -1969.656
18.94; 6569.179; 5397.729; -1969.909
18.95; 6569.169; 5397.729; -1970.156
18.96; 6569.159; 5397.729; -1970.398
18.97; 6569.152; 5397.729; -1970.634
18.98; 6569.147; 5397.73; -1970.865
18.99; 6569.141; 5397.731; -1971.086
19.0; 6569.135; 5397.732; -1971.299
19.01; 6569.133; 5397.732; -1971.503
19.02; 6569.131; 5397.733; -1971.699
19.03; 6569.129; 5397.734; -1971.885
19.04; 6569.129; 5397.735; -1972.06
19.05; 6569.129; 5397.736; -1972.224
19.06; 6569.131; 5397.737; -1972.378
19.07; 6569.133; 5397.739; -1972.519
19.08; 6569.136; 5397.739; -1972.646
19.09; 6569.14; 5397.741; -1972.763
19.1; 6569.145; 5397.742; -1972.865
19.11; 6569.154; 5397.744; -1972.993
19.12; 6569.168; 5397.747; -1973.113
19.13; 6569.25; 5397.761; -1973.05
19.14; 6569.271; 5397.764; -1972.945
19.15; 6569.294; 5397.767; -1972.809
19.16; 6569.31; 5397.77; -1972.703
19.17; 6569.327; 5397.772; -1972.585
19.18; 6569.344; 5397.774; -1972.455
19.19; 6569.361; 5397.776; -1972.313
19.2; 6569.379; 5397.778; -1972.159
19.21; 6569.398; 5397.781; -1971.995
19.22; 6569.416; 5397.783; -1971.818
19.23; 6569.435; 5397.785; -1971.633
19.24; 6569.454; 5397.787; -1971.437
19.25; 6569.473; 5397.79; -1971.232
19.26; 6569.491; 5397.792; -1971.019
19.27; 6569.509; 5397.794; -1970.795
19.28; 6569.527; 5397.796; -1970.565
19.29; 6569.545; 5397.798; -1970.33
19.3; 6569.563; 5397.8; -1970.088
19.31; 6569.58; 5397.801; -1969.841
19.32; 6569.597; 5397.803; -1969.59
19.33; 6569.612; 5397.804; -1969.336
19.34; 6569.627; 5397.804; -1969.078
19.35; 6569.641; 5397.805; -1968.819
19.36; 6569.654; 5397.806; -1968.559
19.37; 6569.667; 5397.806; -1968.297
19.38; 6569.679; 5397.807; -1968.036
19.39; 6569.69; 5397.807; -1967.776
19.4; 6569.7; 5397.806; -1967.517
19.41; 6569.709; 5397.806; -1967.261
19.42; 6569.718; 5397.806; -1967.008
19.43; 6569.725; 5397.805; -1966.759
19.44; 6569.732; 5397.805; -1966.516
19.45; 6569.737; 5397.805; -1966.278
19.46; 6569.743; 5397.804; -1966.047
19.47; 6569.748; 5397.802; -1965.823
19.48; 6569.751; 5397.802; -1965.61
19.49; 6569.753; 5397.801; -1965.404
19.5; 6569.754; 5397.8; -1965.209
19.51; 6569.754; 5397.798; -1965.024
19.52; 6569.755; 5397.797; -1964.851
19.53; 6569.753; 5397.795; -1964.69
19.54; 6569.751; 5397.794; -1964.54
19.55; 6569.748; 5397.792; -1964.403
19.56; 6569.742; 5397.791; -1964.28
19.57; 6569.738; 5397.79; -1964.17
19.58; 6569.729; 5397.787; -1964.029
19.59; 6569.718; 5397.785; -1963.919
19.6; 6569.7; 5397.781; -1963.82
19.61; 6569.619; 5397.768; -1963.901
19.62; 6569.596; 5397.764; -1964.005
19.63; 6569.572; 5397.76; -1964.143
19.64; 6569.554; 5397.758; -1964.251
19.65; 6569.536; 5397.756; -1964.373
19.66; 6569.519; 5397.753; -1964.506
19.67; 6569.5; 5397.751; -1964.653
19.68; 6569.482; 5397.749; -1964.812
19.69; 6569.464; 5397.747; -1964.982
19.7; 6569.447; 5397.745; -1965.162
19.71; 6569.428; 5397.744; -1965.352
19.72; 6569.41; 5397.742; -1965.552
19.73; 6569.393; 5397.741; -1965.76
19.74; 6569.376; 5397.738; -1965.975
19.75; 6569.359; 5397.738; -1966.2
19.76; 6569.342; 5397.737; -1966.432
19.77; 6569.327; 5397.736; -1966.672
19.78; 6569.311; 5397.735; -1966.916
19.79; 6569.297; 5397.734; -1967.165
19.8; 6569.283; 5397.733; -1967.419
19.81; 6569.269; 5397.733; -1967.676
19.82; 6569.256; 5397.732; -1967.936
19.83; 6569.243; 5397.732; -1968.197
19.84; 6569.232; 5397.732; -1968.459
19.85; 6569.221; 5397.731; -1968.72
19.86; 6569.211; 5397.732; -1968.981
19.87; 6569.201; 5397.731; -1969.239
19.88; 6569.192; 5397.732; -1969.494
19.89; 6569.185; 5397.732; -1969.745
19.9; 6569.178; 5397.732; -1969.991
19.91; 6569.171; 5397.733; -1970.232
19.92; 6569.165; 5397.733; -1970.466
19.93; 6569.161; 5397.733; -1970.695
19.94; 6569.157; 5397.734; -1970.916
19.95; 6569.154; 5397.735; -1971.13
19.96; 6569.151; 5397.736; -1971.335
19.97; 6569.149; 5397.737; -1971.532
19.98; 6569.149; 5397.738; -1971.719
19.99; 6569.15; 5397.738; -1971.895
20.0; 6569.15; 5397.74; -1972.063
