0.04; 6569.45; 5397.766; -1968.534
0.06; 6569.455; 5397.766; -1968.636
0.08; 6569.455; 5397.765; -1968.737
0.1; 6569.454; 5397.764; -1968.84
0.12; 6569.453; 5397.764; -1968.948
0.14; 6569.454; 5397.765; -1969.064
0.16; 6569.456; 5397.767; -1969.169
0.18; 6569.457; 5397.768; -1969.294
0.2; 6569.46; 5397.77; -1969.408
0.22; 6569.462; 5397.772; -1969.533
0.24; 6569.464; 5397.774; -1969.636
0.26; 6569.467; 5397.777; -1969.746
0.28; 6569.471; 5397.779; -1969.864
0.3; 6569.475; 5397.781; -1969.988
0.32; 6569.479; 5397.784; -1970.118
0.34; 6569.483; 5397.786; -1970.253
0.36; 6569.488; 5397.788; -1970.394
0.38; 6569.493; 5397.791; -1970.542
0.4; 6569.497; 5397.791; -1970.642
0.42; 6569.501; 5397.793; -1970.745
0.44; 6569.504; 5397.793; -1970.848
0.46; 6569.508; 5397.794; -1970.955
0.48; 6569.511; 5397.795; -1971.061
0.5; 6569.515; 5397.795; -1971.17
0.52; 6569.518; 5397.796; -1971.28
0.54; 6569.521; 5397.797; -1971.39
0.56; 6569.525; 5397.798; -1971.5
0.58; 6569.528; 5397.799; -1971.612
0.6; 6569.531; 5397.799; -1971.723
0.62; 6569.534; 5397.799; -1971.835
0.64; 6569.537; 5397.8; -1971.947
0.66; 6569.54; 5397.8; -1972.059
0.68; 6569.543; 5397.8; -1972.173
0.7; 6569.546; 5397.801; -1972.286
0.72; 6569.548; 5397.801; -1972.4
0.74; 6569.551; 5397.801; -1972.513
0.76; 6569.554; 5397.801; -1972.625
0.78; 6569.556; 5397.801; -1972.737
0.8; 6569.559; 5397.802; -1972.849
0.82; 6569.562; 5397.802; -1972.959
0.84; 6569.566; 5397.802; -1973.068
0.86; 6569.569; 5397.802; -1973.174
0.88; 6569.572; 5397.803; -1973.28
0.9; 6569.576; 5397.804; -1973.382
0.92; 6569.579; 5397.805; -1973.483
0.94; 6569.585; 5397.806; -1973.629
0.96; 6569.59; 5397.808; -1973.767
0.98; 6569.596; 5397.81; -1973.897
1.0; 6569.602; 5397.811; -1974.016
1.02; 6569.608; 5397.812; -1974.125
1.04; 6569.614; 5397.814; -1974.251
1.06; 6569.62; 5397.816; -1974.351
1.08; 6569.627; 5397.819; -1974.456
1.1; 6569.623; 5397.822; -1974.337
1.12; 6569.618; 5397.822; -1974.215
1.14; 6569.614; 5397.821; -1974.097
1.16; 6569.609; 5397.821; -1973.956
1.18; 6569.605; 5397.82; -1973.848
1.2; 6569.601; 5397.819; -1973.73
1.22; 6569.596; 5397.817; -1973.602
1.24; 6569.591; 5397.817; -1973.462
1.26; 6569.586; 5397.816; -1973.314
1.28; 6569.581; 5397.815; -1973.156
1.3; 6569.576; 5397.813; -1972.987
1.32; 6569.57; 5397.812; -1972.808
1.34; 6569.565; 5397.81; -1972.619
1.36; 6569.559; 5397.807; -1972.421
1.38; 6569.552; 5397.805; -1972.212
1.4; 6569.545; 5397.803; -1971.995
1.42; 6569.538; 5397.801; -1971.77
1.44; 6569.532; 5397.798; -1971.537
1.46; 6569.524; 5397.795; -1971.295
1.48; 6569.516; 5397.793; -1971.046
1.5; 6569.508; 5397.79; -1970.79
1.52; 6569.499; 5397.786; -1970.527
1.54; 6569.49; 5397.783; -1970.258
1.56; 6569.481; 5397.78; -1969.984
1.58; 6569.472; 5397.776; -1969.705
1.6; 6569.463; 5397.773; -1969.422
1.62; 6569.453; 5397.769; -1969.135
1.64; 6569.442; 5397.765; -1968.844
1.66; 6569.432; 5397.761; -1968.553
1.68; 6569.422; 5397.756; -1968.259
1.7; 6569.41; 5397.753; -1967.967
1.72; 6569.4; 5397.749; -1967.677
1.74; 6569.389; 5397.746; -1967.387
1.76; 6569.377; 5397.743; -1967.101
1.78; 6569.367; 5397.739; -1966.819
1.8; 6569.356; 5397.736; -1966.541
1.82; 6569.346; 5397.733; -1966.269
1.84; 6569.337; 5397.73; -1966.003
1.86; 6569.327; 5397.726; -1965.744
1.88; 6569.317; 5397.723; -1965.493
1.9; 6569.31; 5397.719; -1965.252
1.92; 6569.302; 5397.715; -1965.022
1.94; 6569.294; 5397.712; -1964.804
1.96; 6569.289; 5397.708; -1964.597
1.98; 6569.283; 5397.705; -1964.403
2.0; 6569.279; 5397.702; -1964.224
2.02; 6569.275; 5397.7; -1964.059
2.04; 6569.273; 5397.698; -1963.907
2.06; 6569.271; 5397.696; -1963.77
2.08; 6569.269; 5397.696; -1963.65
2.1; 6569.269; 5397.695; -1963.544
2.12; 6569.269; 5397.696; -1963.414
2.14; 6569.274; 5397.696; -1963.299
2.16; 6569.306; 5397.704; -1963.409
2.18; 6569.314; 5397.706; -1963.533
2.2; 6569.32; 5397.707; -1963.636
2.22; 6569.327; 5397.708; -1963.753
2.24; 6569.333; 5397.71; -1963.885
2.26; 6569.34; 5397.712; -1964.031
2.28; 6569.347; 5397.714; -1964.193
2.3; 6569.354; 5397.717; -1964.366
2.32; 6569.361; 5397.72; -1964.552
2.34; 6569.369; 5397.724; -1964.751
2.36; 6569.376; 5397.727; -1964.961
2.38; 6569.385; 5397.731; -1965.18
2.4; 6569.394; 5397.734; -1965.41
2.42; 6569.403; 5397.737; -1965.65
2.44; 6569.412; 5397.741; -1965.898
2.46; 6569.422; 5397.745; -1966.156
2.48; 6569.433; 5397.748; -1966.421
2.5; 6569.443; 5397.751; -1966.692
2.52; 6569.454; 5397.754; -1966.97
2.54; 6569.464; 5397.758; -1967.253
2.56; 6569.476; 5397.761; -1967.541
2.58; 6569.487; 5397.765; -1967.831
2.6; 6569.499; 5397.768; -1968.123
2.62; 6569.509; 5397.772; -1968.417
2.64; 6569.52; 5397.776; -1968.71
2.66; 6569.531; 5397.78; -1969.002
2.68; 6569.542; 5397.784; -1969.294
2.7; 6569.552; 5397.788; -1969.584
2.72; 6569.562; 5397.792; -1969.867
2.74; 6569.571; 5397.796; -1970.147
2.76; 6569.581; 5397.799; -1970.421
2.78; 6569.589; 5397.803; -1970.688
2.8; 6569.597; 5397.806; -1970.948
2.82; 6569.604; 5397.809; -1971.199
2.84; 6569.61; 5397.811; -1971.441
2.86; 6569.616; 5397.813; -1971.674
2.88; 6569.621; 5397.814; -1971.897
2.9; 6569.624; 5397.816; -1972.108
2.92; 6569.627; 5397.817; -1972.31
2.94; 6569.629; 5397.818; -1972.499
2.96; 6569.631; 5397.818; -1972.676
2.98; 6569.632; 5397.819; -1972.84
3.0; 6569.631; 5397.82; -1972.991
3.02; 6569.631; 5397.82; -1973.129
3.04; 6569.629; 5397.821; -1973.251
3.06; 6569.627; 5397.821; -1973.359
3.08; 6569.623; 5397.821; -1973.494
3.1; 6569.618; 5397.822; -1973.596
3.12; 6569.608; 5397.821; -1973.7
3.14; 6569.587; 5397.816; -1973.598
3.16; 6569.58; 5397.814; -1973.498
3.18; 6569.572; 5397.811; -1973.364
3.2; 6569.565; 5397.809; -1973.258
3.22; 6569.557; 5397.808; -1973.137
3.24; 6569.55; 5397.806; -1973.002
3.26; 6569.543; 5397.804; -1972.853
3.28; 6569.536; 5397.802; -1972.691
3.3; 6569.526; 5397.801; -1972.515
3.32; 6569.518; 5397.798; -1972.326
3.34; 6569.508; 5397.796; -1972.124
3.36; 6569.498; 5397.793; -1971.91
3.38; 6569.488; 5397.791; -1971.686
3.4; 6569.477; 5397.788; -1971.451
3.42; 6569.465; 5397.785; -1971.206
3.44; 6569.455; 5397.781; -1970.953
3.46; 6569.444; 5397.777; -1970.692
3.48; 6569.432; 5397.773; -1970.424
3.5; 6569.421; 5397.769; -1970.152
3.52; 6569.409; 5397.765; -1969.873
3.54; 6569.398; 5397.761; -1969.59
3.56; 6569.386; 5397.756; -1969.303
3.58; 6569.375; 5397.752; -1969.013
3.6; 6569.364; 5397.749; -1968.723
3.62; 6569.354; 5397.745; -1968.431
3.64; 6569.344; 5397.741; -1968.14
3.66; 6569.336; 5397.738; -1967.85
3.68; 6569.326; 5397.735; -1967.562
3.7; 6569.319; 5397.731; -1967.277
3.72; 6569.312; 5397.729; -1966.997
3.74; 6569.306; 5397.726; -1966.721
3.76; 6569.3; 5397.724; -1966.452
3.78; 6569.296; 5397.721; -1966.187
3.8; 6569.291; 5397.719; -1965.93
3.82; 6569.288; 5397.717; -1965.684
3.84; 6569.285; 5397.714; -1965.444
3.86; 6569.283; 5397.712; -1965.215
3.88; 6569.282; 5397.71; -1964.996
3.9; 6569.282; 5397.708; -1964.789
3.92; 6569.281; 5397.706; -1964.593
3.94; 6569.282; 5397.704; -1964.409
3.96; 6569.282; 5397.703; -1964.238
3.98; 6569.283; 5397.702; -1964.079
4.0; 6569.285; 5397.701; -1963.934
4.02; 6569.286; 5397.701; -1963.802
4.04; 6569.289; 5397.7; -1963.685
4.06; 6569.292; 5397.7; -1963.581
4.08; 6569.295; 5397.701; -1963.456
4.1; 6569.303; 5397.701; -1963.34
4.12; 6569.341; 5397.708; -1963.452
4.14; 6569.352; 5397.71; -1963.578
4.16; 6569.36; 5397.712; -1963.685
4.18; 6569.369; 5397.714; -1963.806
4.2; 6569.379; 5397.717; -1963.943
4.22; 6569.389; 5397.72; -1964.095
4.24; 6569.399; 5397.723; -1964.261
4.26; 6569.409; 5397.727; -1964.44
4.28; 6569.42; 5397.731; -1964.631
4.3; 6569.432; 5397.735; -1964.836
4.32; 6569.444; 5397.739; -1965.051
4.34; 6569.455; 5397.743; -1965.276
4.36; 6569.468; 5397.747; -1965.513
4.38; 6569.48; 5397.75; -1965.758
4.4; 6569.491; 5397.755; -1966.011
4.42; 6569.503; 5397.759; -1966.274
4.44; 6569.514; 5397.762; -1966.542
4.46; 6569.526; 5397.766; -1966.815
4.48; 6569.536; 5397.769; -1967.094
4.5; 6569.546; 5397.773; -1967.376
4.52; 6569.555; 5397.776; -1967.661
4.54; 6569.565; 5397.779; -1967.947
4.56; 6569.573; 5397.783; -1968.235
4.58; 6569.581; 5397.786; -1968.524
4.6; 6569.587; 5397.789; -1968.811
4.62; 6569.594; 5397.792; -1969.096
4.64; 6569.6; 5397.795; -1969.378
4.66; 6569.604; 5397.798; -1969.658
4.68; 6569.609; 5397.8; -1969.932
4.7; 6569.613; 5397.803; -1970.202
4.72; 6569.616; 5397.805; -1970.466
4.74; 6569.619; 5397.807; -1970.725
4.76; 6569.621; 5397.808; -1970.975
4.78; 6569.623; 5397.81; -1971.219
4.8; 6569.624; 5397.811; -1971.455
4.82; 6569.625; 5397.813; -1971.683
4.84; 6569.625; 5397.814; -1971.901
4.86; 6569.626; 5397.814; -1972.109
4.88; 6569.626; 5397.815; -1972.308
4.9; 6569.626; 5397.816; -1972.494
4.92; 6569.625; 5397.817; -1972.669
4.94; 6569.623; 5397.818; -1972.831
4.96; 6569.621; 5397.818; -1972.981
4.98; 6569.619; 5397.819; -1973.118
5.0; 6569.616; 5397.82; -1973.24
5.02; 6569.612; 5397.821; -1973.347
5.04; 6569.608; 5397.821; -1973.481
5.06; 6569.602; 5397.821; -1973.582
5.08; 6569.583; 5397.818; -1973.682
5.1; 6569.551; 5397.81; -1973.558
5.12; 6569.535; 5397.808; -1973.448
5.14; 6569.521; 5397.803; -1973.304
5.16; 6569.509; 5397.802; -1973.19
5.18; 6569.497; 5397.799; -1973.059
5.2; 6569.486; 5397.796; -1972.915
5.22; 6569.474; 5397.794; -1972.757
5.24; 6569.462; 5397.791; -1972.586
5.26; 6569.45; 5397.789; -1972.403
5.28; 6569.438; 5397.786; -1972.207
5.3; 6569.426; 5397.783; -1972.0
5.32; 6569.415; 5397.779; -1971.783
5.34; 6569.405; 5397.776; -1971.556
5.36; 6569.394; 5397.773; -1971.321
5.38; 6569.383; 5397.77; -1971.077
5.4; 6569.373; 5397.766; -1970.826
5.42; 6569.364; 5397.763; -1970.568
5.44; 6569.354; 5397.76; -1970.305
5.46; 6569.346; 5397.756; -1970.036
5.48; 6569.338; 5397.753; -1969.762
5.5; 6569.33; 5397.75; -1969.485
5.52; 6569.323; 5397.747; -1969.206
5.54; 6569.318; 5397.744; -1968.924
5.56; 6569.311; 5397.742; -1968.639
5.58; 6569.305; 5397.74; -1968.355
5.6; 6569.3; 5397.737; -1968.07
5.62; 6569.296; 5397.735; -1967.787
5.64; 6569.292; 5397.733; -1967.505
5.66; 6569.288; 5397.731; -1967.225
5.68; 6569.285; 5397.728; -1966.948
5.7; 6569.283; 5397.726; -1966.677
5.72; 6569.279; 5397.724; -1966.41
5.74; 6569.277; 5397.721; -1966.149
5.76; 6569.276; 5397.719; -1965.895
5.78; 6569.275; 5397.717; -1965.649
5.8; 6569.273; 5397.715; -1965.412
5.82; 6569.272; 5397.712; -1965.184
5.84; 6569.274; 5397.71; -1964.966
5.86; 6569.273; 5397.708; -1964.757
5.88; 6569.274; 5397.707; -1964.562
5.9; 6569.276; 5397.706; -1964.379
5.92; 6569.278; 5397.704; -1964.208
5.94; 6569.282; 5397.703; -1964.051
5.96; 6569.285; 5397.703; -1963.907
5.98; 6569.288; 5397.703; -1963.777
6.0; 6569.293; 5397.703; -1963.664
6.02; 6569.301; 5397.704; -1963.522
6.04; 6569.313; 5397.705; -1963.417
6.06; 6569.338; 5397.708; -1963.317
6.08; 6569.38; 5397.717; -1963.422
6.1; 6569.397; 5397.72; -1963.527
6.12; 6569.414; 5397.725; -1963.67
6.14; 6569.426; 5397.728; -1963.783
6.16; 6569.438; 5397.732; -1963.911
6.18; 6569.45; 5397.735; -1964.053
6.2; 6569.461; 5397.738; -1964.208
6.22; 6569.472; 5397.742; -1964.376
6.24; 6569.483; 5397.746; -1964.556
6.26; 6569.494; 5397.75; -1964.748
6.28; 6569.504; 5397.753; -1964.952
6.3; 6569.515; 5397.756; -1965.166
6.32; 6569.525; 5397.759; -1965.388
6.34; 6569.534; 5397.762; -1965.621
6.36; 6569.542; 5397.765; -1965.862
6.38; 6569.55; 5397.768; -1966.112
6.4; 6569.559; 5397.771; -1966.37
6.42; 6569.566; 5397.774; -1966.632
6.44; 6569.572; 5397.777; -1966.9
6.46; 6569.579; 5397.779; -1967.174
6.48; 6569.587; 5397.782; -1967.452
6.5; 6569.592; 5397.785; -1967.733
6.52; 6569.597; 5397.788; -1968.015
6.54; 6569.601; 5397.791; -1968.299
6.56; 6569.607; 5397.793; -1968.585
6.58; 6569.612; 5397.796; -1968.869
6.6; 6569.616; 5397.799; -1969.152
6.62; 6569.62; 5397.801; -1969.434
6.64; 6569.623; 5397.804; -1969.712
6.66; 6569.627; 5397.806; -1969.987
6.68; 6569.629; 5397.809; -1970.258
6.7; 6569.632; 5397.811; -1970.523
6.72; 6569.634; 5397.812; -1970.781
6.74; 6569.635; 5397.813; -1971.034
6.76; 6569.636; 5397.815; -1971.279
6.78; 6569.635; 5397.817; -1971.516
6.8; 6569.635; 5397.818; -1971.743
6.82; 6569.633; 5397.818; -1971.96
6.84; 6569.631; 5397.82; -1972.167
6.86; 6569.628; 5397.821; -1972.362
6.88; 6569.624; 5397.822; -1972.545
6.9; 6569.618; 5397.822; -1972.714
6.92; 6569.614; 5397.821; -1972.869
6.94; 6569.607; 5397.822; -1973.013
6.96; 6569.601; 5397.822; -1973.14
6.98; 6569.594; 5397.821; -1973.254
7.0; 6569.581; 5397.819; -1973.395
7.02; 6569.567; 5397.818; -1973.504
7.04; 6569.542; 5397.813; -1973.607
7.06; 6569.48; 5397.8; -1973.503
7.08; 6569.463; 5397.796; -1973.397
7.1; 6569.447; 5397.793; -1973.259
7.12; 6569.436; 5397.791; -1973.149
7.14; 6569.425; 5397.789; -1973.026
7.16; 6569.415; 5397.787; -1972.889
7.18; 6569.405; 5397.785; -1972.739
7.2; 6569.395; 5397.783; -1972.576
7.22; 6569.386; 5397.781; -1972.401
7.24; 6569.377; 5397.778; -1972.214
7.26; 6569.368; 5397.776; -1972.016
7.28; 6569.359; 5397.773; -1971.807
7.3; 6569.351; 5397.771; -1971.589
7.32; 6569.343; 5397.768; -1971.361
7.34; 6569.335; 5397.765; -1971.124
7.36; 6569.328; 5397.762; -1970.878
7.38; 6569.32; 5397.759; -1970.625
7.4; 6569.313; 5397.757; -1970.365
7.42; 6569.306; 5397.754; -1970.098
7.44; 6569.299; 5397.751; -1969.827
7.46; 6569.293; 5397.748; -1969.549
7.48; 6569.286; 5397.746; -1969.27
7.5; 6569.28; 5397.743; -1968.985
7.52; 6569.275; 5397.74; -1968.7
7.54; 6569.269; 5397.738; -1968.413
7.56; 6569.265; 5397.735; -1968.125
7.58; 6569.261; 5397.732; -1967.838
7.6; 6569.258; 5397.73; -1967.554
7.62; 6569.255; 5397.727; -1967.27
7.64; 6569.253; 5397.725; -1966.992
7.66; 6569.251; 5397.723; -1966.718
7.68; 6569.251; 5397.72; -1966.451
7.7; 6569.251; 5397.718; -1966.189
7.72; 6569.252; 5397.716; -1965.934
7.74; 6569.254; 5397.715; -1965.69
7.76; 6569.258; 5397.713; -1965.454
7.78; 6569.262; 5397.711; -1965.228
7.8; 6569.267; 5397.71; -1965.012
7.82; 6569.273; 5397.709; -1964.808
7.84; 6569.277; 5397.709; -1964.615
7.86; 6569.284; 5397.709; -1964.434
7.88; 6569.292; 5397.71; -1964.267
7.9; 6569.301; 5397.711; -1964.113
7.92; 6569.309; 5397.712; -1963.973
7.94; 6569.319; 5397.712; -1963.847
7.96; 6569.329; 5397.714; -1963.735
7.98; 6569.344; 5397.715; -1963.596
8.0; 6569.361; 5397.717; -1963.492
8.02; 6569.394; 5397.723; -1963.388
8.04; 6569.442; 5397.732; -1963.499
8.06; 6569.458; 5397.736; -1963.605
8.08; 6569.473; 5397.739; -1963.744
8.1; 6569.483; 5397.742; -1963.857
8.12; 6569.493; 5397.744; -1963.983
8.14; 6569.503; 5397.747; -1964.122
8.16; 6569.512; 5397.75; -1964.276
8.18; 6569.522; 5397.753; -1964.443
8.2; 6569.531; 5397.756; -1964.623
8.22; 6569.541; 5397.759; -1964.817
8.24; 6569.55; 5397.762; -1965.021
8.26; 6569.559; 5397.765; -1965.236
8.28; 6569.567; 5397.768; -1965.462
8.3; 6569.577; 5397.77; -1965.698
8.32; 6569.584; 5397.773; -1965.942
8.34; 6569.592; 5397.777; -1966.197
8.36; 6569.6; 5397.78; -1966.456
8.38; 6569.607; 5397.783; -1966.724
8.4; 6569.614; 5397.786; -1966.997
8.42; 6569.621; 5397.789; -1967.274
8.44; 6569.627; 5397.792; -1967.555
8.46; 6569.633; 5397.795; -1967.838
8.48; 6569.638; 5397.799; -1968.124
8.5; 6569.642; 5397.801; -1968.409
8.52; 6569.646; 5397.804; -1968.695
8.54; 6569.648; 5397.807; -1968.979
8.56; 6569.65; 5397.809; -1969.261
8.58; 6569.651; 5397.811; -1969.541
8.6; 6569.652; 5397.812; -1969.816
8.62; 6569.65; 5397.814; -1970.086
8.64; 6569.649; 5397.815; -1970.352
8.66; 6569.645; 5397.816; -1970.61
8.68; 6569.642; 5397.816; -1970.862
8.7; 6569.637; 5397.817; -1971.108
8.72; 6569.632; 5397.818; -1971.344
8.74; 6569.626; 5397.818; -1971.571
8.76; 6569.62; 5397.817; -1971.788
8.78; 6569.611; 5397.817; -1971.995
8.8; 6569.604; 5397.817; -1972.192
8.82; 6569.595; 5397.816; -1972.375
8.84; 6569.587; 5397.816; -1972.548
8.86; 6569.578; 5397.815; -1972.708
8.88; 6569.568; 5397.814; -1972.856
8.9; 6569.559; 5397.814; -1972.991
8.92; 6569.549; 5397.812; -1973.113
8.94; 6569.539; 5397.811; -1973.222
8.96; 6569.524; 5397.809; -1973.357
8.98; 6569.509; 5397.807; -1973.462
9.0; 6569.483; 5397.803; -1973.565
9.02; 6569.428; 5397.792; -1973.46
9.04; 6569.413; 5397.79; -1973.354
9.06; 6569.397; 5397.787; -1973.211
9.08; 6569.387; 5397.784; -1973.098
9.1; 6569.376; 5397.782; -1972.97
9.12; 6569.366; 5397.78; -1972.829
9.14; 6569.355; 5397.778; -1972.674
9.16; 6569.346; 5397.775; -1972.506
9.18; 6569.336; 5397.772; -1972.325
9.2; 6569.326; 5397.77; -1972.132
9.22; 6569.316; 5397.767; -1971.929
9.24; 6569.307; 5397.764; -1971.714
9.26; 6569.297; 5397.761; -1971.489
9.28; 6569.288; 5397.758; -1971.255
9.3; 6569.28; 5397.755; -1971.014
9.32; 6569.272; 5397.752; -1970.762
9.34; 6569.265; 5397.749; -1970.504
9.36; 6569.259; 5397.746; -1970.241
9.38; 6569.253; 5397.743; -1969.972
9.4; 6569.248; 5397.741; -1969.699
9.42; 6569.243; 5397.739; -1969.421
9.44; 6569.241; 5397.736; -1969.142
9.46; 6569.238; 5397.734; -1968.86
9.48; 6569.237; 5397.732; -1968.577
9.5; 6569.237; 5397.73; -1968.294
9.52; 6569.237; 5397.728; -1968.011
9.54; 6569.239; 5397.726; -1967.732
9.56; 6569.241; 5397.725; -1967.454
9.58; 6569.245; 5397.723; -1967.179
9.6; 6569.249; 5397.722; -1966.91
9.62; 6569.255; 5397.72; -1966.645
9.64; 6569.258; 5397.72; -1966.387
9.66; 6569.264; 5397.72; -1966.135
9.68; 6569.271; 5397.719; -1965.889
9.7; 6569.278; 5397.719; -1965.653
9.72; 6569.285; 5397.718; -1965.424
9.74; 6569.293; 5397.718; -1965.205
9.76; 6569.302; 5397.717; -1964.994
9.78; 6569.31; 5397.718; -1964.794
9.8; 6569.319; 5397.718; -1964.605
9.82; 6569.328; 5397.718; -1964.428
9.84; 6569.337; 5397.719; -1964.263
9.86; 6569.348; 5397.719; -1964.112
9.88; 6569.357; 5397.719; -1963.973
9.9; 6569.366; 5397.721; -1963.848
9.92; 6569.377; 5397.721; -1963.738
9.94; 6569.392; 5397.723; -1963.601
9.96; 6569.409; 5397.724; -1963.498
9.98; 6569.441; 5397.729; -1963.402
10.0; 6569.485; 5397.738; -1963.502
10.02; 6569.503; 5397.741; -1963.605
10.04; 6569.521; 5397.745; -1963.744
10.06; 6569.533; 5397.748; -1963.856
10.08; 6569.544; 5397.751; -1963.982
10.1; 6569.556; 5397.754; -1964.123
10.12; 6569.567; 5397.758; -1964.278
10.14; 6569.578; 5397.761; -1964.447
10.16; 6569.589; 5397.764; -1964.629
10.18; 6569.598; 5397.768; -1964.823
10.2; 6569.608; 5397.771; -1965.029
10.22; 6569.617; 5397.774; -1965.244
10.24; 6569.625; 5397.777; -1965.47
10.26; 6569.633; 5397.78; -1965.705
10.28; 6569.64; 5397.782; -1965.946
10.3; 6569.646; 5397.785; -1966.197
10.32; 6569.651; 5397.788; -1966.454
10.34; 6569.655; 5397.791; -1966.716
10.36; 6569.658; 5397.793; -1966.984
10.38; 6569.661; 5397.795; -1967.254
10.4; 6569.662; 5397.797; -1967.528
10.42; 6569.664; 5397.799; -1967.804
10.44; 6569.663; 5397.801; -1968.082
10.46; 6569.662; 5397.803; -1968.361
10.48; 6569.66; 5397.804; -1968.64
10.5; 6569.657; 5397.806; -1968.918
10.52; 6569.653; 5397.807; -1969.194
10.54; 6569.649; 5397.808; -1969.468
10.56; 6569.644; 5397.808; -1969.739
10.58; 6569.64; 5397.808; -1970.006
10.6; 6569.635; 5397.808; -1970.269
10.62; 6569.628; 5397.809; -1970.526
10.64; 6569.623; 5397.809; -1970.779
10.66; 6569.615; 5397.809; -1971.024
10.68; 6569.609; 5397.809; -1971.263
10.7; 6569.601; 5397.809; -1971.492
10.72; 6569.593; 5397.809; -1971.712
10.74; 6569.585; 5397.809; -1971.921
10.76; 6569.577; 5397.809; -1972.122
10.78; 6569.569; 5397.808; -1972.312
10.8; 6569.56; 5397.808; -1972.489
10.82; 6569.551; 5397.808; -1972.654
10.84; 6569.541; 5397.807; -1972.808
10.86; 6569.531; 5397.807; -1972.949
10.88; 6569.522; 5397.806; -1973.076
10.9; 6569.511; 5397.804; -1973.188
10.92; 6569.495; 5397.803; -1973.33
10.94; 6569.478; 5397.8; -1973.438
10.96; 6569.447; 5397.796; -1973.544
10.98; 6569.385; 5397.783; -1973.459
11.0; 6569.366; 5397.78; -1973.36
11.02; 6569.348; 5397.776; -1973.226
11.04; 6569.336; 5397.774; -1973.12
11.06; 6569.325; 5397.771; -1972.999
11.08; 6569.314; 5397.768; -1972.864
11.1; 6569.303; 5397.766; -1972.717
11.12; 6569.293; 5397.763; -1972.556
11.14; 6569.284; 5397.761; -1972.385
11.16; 6569.275; 5397.758; -1972.202
11.18; 6569.267; 5397.756; -1972.008
11.2; 6569.261; 5397.753; -1971.803
11.22; 6569.255; 5397.751; -1971.591
11.24; 6569.25; 5397.749; -1971.368
11.26; 6569.245; 5397.747; -1971.137
11.28; 6569.242; 5397.745; -1970.896
11.3; 6569.238; 5397.743; -1970.649
11.32; 6569.237; 5397.741; -1970.395
11.34; 6569.236; 5397.74; -1970.137
11.36; 6569.236; 5397.738; -1969.872
11.38; 6569.237; 5397.736; -1969.603
11.4; 6569.237; 5397.735; -1969.331
11.42; 6569.24; 5397.734; -1969.054
11.44; 6569.242; 5397.732; -1968.776
11.46; 6569.244; 5397.731; -1968.498
11.48; 6569.247; 5397.73; -1968.218
11.5; 6569.252; 5397.729; -1967.938
11.52; 6569.256; 5397.727; -1967.659
11.54; 6569.26; 5397.726; -1967.383
11.56; 6569.265; 5397.725; -1967.111
11.58; 6569.27; 5397.724; -1966.843
11.6; 6569.277; 5397.723; -1966.578
11.62; 6569.282; 5397.722; -1966.319
11.64; 6569.289; 5397.721; -1966.066
11.66; 6569.295; 5397.721; -1965.821
11.68; 6569.304; 5397.721; -1965.585
11.7; 6569.313; 5397.72; -1965.356
11.72; 6569.321; 5397.719; -1965.136
11.74; 6569.331; 5397.72; -1964.928
11.76; 6569.341; 5397.719; -1964.729
11.78; 6569.351; 5397.72; -1964.545
11.8; 6569.362; 5397.721; -1964.372
11.82; 6569.374; 5397.721; -1964.213
11.84; 6569.385; 5397.722; -1964.066
11.86; 6569.397; 5397.723; -1963.936
11.88; 6569.411; 5397.724; -1963.82
11.9; 6569.423; 5397.726; -1963.719
11.92; 6569.442; 5397.729; -1963.598
11.94; 6569.47; 5397.733; -1963.49
11.96; 6569.55; 5397.748; -1963.55
11.98; 6569.569; 5397.752; -1963.651
12.0; 6569.586; 5397.756; -1963.787
12.02; 6569.596; 5397.759; -1963.895
12.04; 6569.606; 5397.762; -1964.018
12.06; 6569.616; 5397.764; -1964.153
12.08; 6569.624; 5397.767; -1964.303
12.1; 6569.632; 5397.769; -1964.466
12.12; 6569.638; 5397.772; -1964.64
12.14; 6569.644; 5397.774; -1964.827
12.16; 6569.65; 5397.776; -1965.025
12.18; 6569.654; 5397.778; -1965.233
12.2; 6569.658; 5397.78; -1965.452
12.22; 6569.661; 5397.783; -1965.679
12.24; 6569.664; 5397.784; -1965.915
12.26; 6569.666; 5397.786; -1966.158
12.28; 6569.667; 5397.788; -1966.408
12.3; 6569.668; 5397.789; -1966.666
12.32; 6569.668; 5397.792; -1966.929
12.34; 6569.668; 5397.793; -1967.197
12.36; 6569.667; 5397.795; -1967.469
12.38; 6569.665; 5397.797; -1967.745
12.4; 6569.662; 5397.799; -1968.022
12.42; 6569.659; 5397.8; -1968.302
12.44; 6569.657; 5397.801; -1968.582
12.46; 6569.653; 5397.803; -1968.862
12.48; 6569.65; 5397.804; -1969.141
12.5; 6569.645; 5397.804; -1969.417
12.52; 6569.64; 5397.805; -1969.692
12.54; 6569.634; 5397.806; -1969.962
12.56; 6569.628; 5397.806; -1970.229
12.58; 6569.621; 5397.807; -1970.489
12.6; 6569.613; 5397.806; -1970.742
12.62; 6569.605; 5397.807; -1970.988
12.64; 6569.596; 5397.806; -1971.225
12.66; 6569.586; 5397.806; -1971.455
12.68; 6569.577; 5397.806; -1971.674
12.7; 6569.566; 5397.805; -1971.884
12.72; 6569.554; 5397.805; -1972.082
12.74; 6569.543; 5397.803; -1972.269
12.76; 6569.53; 5397.802; -1972.443
12.78; 6569.518; 5397.801; -1972.606
12.8; 6569.505; 5397.799; -1972.756
12.82; 6569.491; 5397.798; -1972.893
12.84; 6569.477; 5397.796; -1973.017
12.86; 6569.463; 5397.794; -1973.127
12.88; 6569.442; 5397.791; -1973.266
12.9; 6569.42; 5397.788; -1973.371
12.92; 6569.386; 5397.782; -1973.473
12.94; 6569.321; 5397.77; -1973.377
12.96; 6569.306; 5397.767; -1973.274
12.98; 6569.293; 5397.764; -1973.14
13.0; 6569.285; 5397.762; -1973.034
13.02; 6569.277; 5397.761; -1972.913
13.04; 6569.27; 5397.759; -1972.78
13.06; 6569.263; 5397.757; -1972.634
13.08; 6569.258; 5397.756; -1972.476
13.1; 6569.253; 5397.754; -1972.305
13.12; 6569.248; 5397.752; -1972.122
13.14; 6569.243; 5397.75; -1971.928
13.16; 6569.24; 5397.749; -1971.723
13.18; 6569.236; 5397.747; -1971.506
13.2; 6569.234; 5397.745; -1971.281
13.22; 6569.231; 5397.744; -1971.047
13.24; 6569.23; 5397.742; -1970.805
13.26; 6569.228; 5397.74; -1970.554
13.28; 6569.228; 5397.739; -1970.297
13.3; 6569.228; 5397.737; -1970.033
13.32; 6569.228; 5397.735; -1969.764
13.34; 6569.23; 5397.734; -1969.492
13.36; 6569.232; 5397.732; -1969.215
13.38; 6569.236; 5397.731; -1968.937
13.4; 6569.239; 5397.729; -1968.657
13.42; 6569.243; 5397.728; -1968.377
13.44; 6569.248; 5397.727; -1968.097
13.46; 6569.253; 5397.726; -1967.818
13.48; 6569.259; 5397.724; -1967.54
13.5; 6569.266; 5397.723; -1967.266
13.52; 6569.274; 5397.723; -1966.996
13.54; 6569.283; 5397.723; -1966.731
13.56; 6569.292; 5397.723; -1966.474
13.58; 6569.303; 5397.723; -1966.221
13.6; 6569.313; 5397.723; -1965.975
13.62; 6569.325; 5397.723; -1965.737
13.64; 6569.338; 5397.724; -1965.508
13.66; 6569.35; 5397.724; -1965.288
13.68; 6569.364; 5397.725; -1965.08
13.7; 6569.377; 5397.726; -1964.882
13.72; 6569.392; 5397.727; -1964.695
13.74; 6569.405; 5397.729; -1964.521
13.76; 6569.42; 5397.73; -1964.357
13.78; 6569.434; 5397.731; -1964.207
13.8; 6569.448; 5397.733; -1964.07
13.82; 6569.462; 5397.734; -1963.947
13.84; 6569.476; 5397.736; -1963.839
13.86; 6569.496; 5397.739; -1963.704
13.88; 6569.516; 5397.742; -1963.602
13.9; 6569.547; 5397.746; -1963.503
13.92; 6569.599; 5397.756; -1963.599
13.94; 6569.612; 5397.758; -1963.701
13.96; 6569.625; 5397.761; -1963.839
13.98; 6569.633; 5397.764; -1963.951
14.0; 6569.64; 5397.766; -1964.076
14.02; 6569.647; 5397.768; -1964.215
14.04; 6569.653; 5397.77; -1964.368
14.06; 6569.658; 5397.772; -1964.535
14.08; 6569.664; 5397.774; -1964.715
14.1; 6569.669; 5397.776; -1964.906
14.12; 6569.672; 5397.779; -1965.11
14.14; 6569.676; 5397.781; -1965.323
14.16; 6569.679; 5397.783; -1965.546
14.18; 6569.682; 5397.785; -1965.777
14.2; 6569.683; 5397.787; -1966.018
14.22; 6569.684; 5397.789; -1966.267
14.24; 6569.685; 5397.791; -1966.522
14.26; 6569.685; 5397.793; -1966.783
14.28; 6569.684; 5397.795; -1967.05
14.3; 6569.681; 5397.796; -1967.319
14.32; 6569.678; 5397.798; -1967.592
14.34; 6569.674; 5397.799; -1967.869
14.36; 6569.669; 5397.8; -1968.145
14.38; 6569.664; 5397.801; -1968.423
14.4; 6569.656; 5397.801; -1968.7
14.42; 6569.649; 5397.802; -1968.976
14.44; 6569.641; 5397.802; -1969.25
14.46; 6569.632; 5397.802; -1969.522
14.48; 6569.622; 5397.801; -1969.788
14.5; 6569.612; 5397.801; -1970.051
14.52; 6569.601; 5397.8; -1970.307
14.54; 6569.59; 5397.8; -1970.559
14.56; 6569.577; 5397.799; -1970.804
14.58; 6569.565; 5397.798; -1971.04
14.6; 6569.551; 5397.797; -1971.269
14.62; 6569.538; 5397.796; -1971.489
14.64; 6569.524; 5397.795; -1971.701
14.66; 6569.511; 5397.793; -1971.903
14.68; 6569.497; 5397.792; -1972.095
14.7; 6569.483; 5397.791; -1972.276
14.72; 6569.47; 5397.789; -1972.446
14.74; 6569.456; 5397.788; -1972.606
14.76; 6569.443; 5397.786; -1972.751
14.78; 6569.431; 5397.784; -1972.884
14.8; 6569.418; 5397.783; -1973.006
14.82; 6569.405; 5397.782; -1973.113
14.84; 6569.386; 5397.78; -1973.249
14.86; 6569.368; 5397.778; -1973.353
14.88; 6569.34; 5397.773; -1973.449
14.9; 6569.286; 5397.764; -1973.334
14.92; 6569.273; 5397.761; -1973.224
14.94; 6569.261; 5397.758; -1973.08
14.96; 6569.253; 5397.756; -1972.966
14.98; 6569.246; 5397.755; -1972.84
15.0; 6569.24; 5397.752; -1972.698
15.02; 6569.233; 5397.75; -1972.545
15.04; 6569.227; 5397.749; -1972.38
15.06; 6569.221; 5397.747; -1972.2
15.08; 6569.218; 5397.745; -1972.01
15.1; 6569.215; 5397.743; -1971.809
15.12; 6569.212; 5397.742; -1971.598
15.14; 6569.21; 5397.74; -1971.377
15.16; 6569.209; 5397.739; -1971.147
15.18; 6569.209; 5397.737; -1970.909
15.2; 6569.21; 5397.736; -1970.664
15.22; 6569.213; 5397.734; -1970.413
15.24; 6569.216; 5397.733; -1970.157
15.26; 6569.22; 5397.732; -1969.895
15.28; 6569.225; 5397.731; -1969.63
15.3; 6569.23; 5397.73; -1969.361
15.32; 6569.238; 5397.729; -1969.09
15.34; 6569.244; 5397.729; -1968.817
15.36; 6569.252; 5397.729; -1968.544
15.38; 6569.262; 5397.729; -1968.271
15.4; 6569.271; 5397.729; -1967.997
15.42; 6569.282; 5397.73; -1967.727
15.44; 6569.292; 5397.729; -1967.455
15.46; 6569.304; 5397.729; -1967.188
15.48; 6569.316; 5397.73; -1966.925
15.5; 6569.328; 5397.73; -1966.667
15.52; 6569.341; 5397.731; -1966.414
15.54; 6569.354; 5397.732; -1966.167
15.56; 6569.367; 5397.732; -1965.925
15.58; 6569.38; 5397.733; -1965.693
15.6; 6569.393; 5397.733; -1965.466
15.62; 6569.406; 5397.734; -1965.249
15.64; 6569.42; 5397.735; -1965.044
15.66; 6569.432; 5397.736; -1964.849
15.68; 6569.446; 5397.736; -1964.664
15.7; 6569.458; 5397.737; -1964.491
15.72; 6569.471; 5397.738; -1964.33
15.74; 6569.483; 5397.739; -1964.183
15.76; 6569.496; 5397.74; -1964.05
15.78; 6569.509; 5397.741; -1963.93
15.8; 6569.521; 5397.742; -1963.824
15.82; 6569.54; 5397.744; -1963.693
15.84; 6569.564; 5397.747; -1963.572
15.86; 6569.639; 5397.762; -1963.65
15.88; 6569.653; 5397.765; -1963.768
15.9; 6569.665; 5397.769; -1963.921
15.92; 6569.672; 5397.771; -1964.041
15.94; 6569.678; 5397.773; -1964.172
15.96; 6569.684; 5397.776; -1964.319
15.98; 6569.689; 5397.777; -1964.478
16.0; 6569.693; 5397.78; -1964.651
16.02; 6569.696; 5397.782; -1964.835
16.04; 6569.699; 5397.784; -1965.029
16.06; 6569.699; 5397.787; -1965.235
16.08; 6569.7; 5397.787; -1965.448
16.1; 6569.699; 5397.789; -1965.671
16.12; 6569.697; 5397.79; -1965.901
16.14; 6569.694; 5397.791; -1966.139
16.16; 6569.69; 5397.792; -1966.385
16.18; 6569.684; 5397.793; -1966.635
16.2; 6569.679; 5397.794; -1966.894
16.22; 6569.673; 5397.794; -1967.155
16.24; 6569.667; 5397.794; -1967.421
16.26; 6569.658; 5397.795; -1967.69
16.28; 6569.649; 5397.795; -1967.961
16.3; 6569.64; 5397.795; -1968.235
16.32; 6569.631; 5397.795; -1968.508
16.34; 6569.621; 5397.795; -1968.781
16.36; 6569.61; 5397.795; -1969.054
16.38; 6569.599; 5397.795; -1969.323
16.4; 6569.588; 5397.794; -1969.591
16.42; 6569.575; 5397.794; -1969.855
16.44; 6569.564; 5397.793; -1970.116
16.46; 6569.552; 5397.793; -1970.371
16.48; 6569.54; 5397.792; -1970.62
16.5; 6569.528; 5397.791; -1970.863
16.52; 6569.515; 5397.791; -1971.099
16.54; 6569.503; 5397.79; -1971.328
16.56; 6569.49; 5397.79; -1971.548
16.58; 6569.478; 5397.789; -1971.759
16.6; 6569.465; 5397.787; -1971.959
16.62; 6569.452; 5397.786; -1972.147
16.64; 6569.44; 5397.785; -1972.327
16.66; 6569.426; 5397.784; -1972.494
16.68; 6569.414; 5397.783; -1972.65
16.7; 6569.4; 5397.782; -1972.791
16.72; 6569.386; 5397.78; -1972.919
16.74; 6569.373; 5397.779; -1973.034
16.76; 6569.36; 5397.778; -1973.134
16.78; 6569.342; 5397.774; -1973.256
16.8; 6569.316; 5397.771; -1973.365
16.82; 6569.241; 5397.756; -1973.282
16.84; 6569.228; 5397.754; -1973.173
16.86; 6569.218; 5397.751; -1973.031
16.88; 6569.212; 5397.75; -1972.92
16.9; 6569.207; 5397.748; -1972.795
16.92; 6569.203; 5397.747; -1972.66
16.94; 6569.2; 5397.747; -1972.512
16.96; 6569.198; 5397.745; -1972.35
16.98; 6569.197; 5397.744; -1972.177
17.0; 6569.198; 5397.743; -1971.992
17.02; 6569.198; 5397.743; -1971.797
17.04; 6569.201; 5397.742; -1971.593
17.06; 6569.204; 5397.741; -1971.379
17.08; 6569.208; 5397.74; -1971.157
17.1; 6569.213; 5397.74; -1970.925
17.12; 6569.219; 5397.74; -1970.688
17.14; 6569.224; 5397.739; -1970.443
17.16; 6569.231; 5397.739; -1970.191
17.18; 6569.238; 5397.738; -1969.932
17.2; 6569.245; 5397.738; -1969.67
17.22; 6569.253; 5397.738; -1969.404
17.24; 6569.261; 5397.738; -1969.137
17.26; 6569.271; 5397.738; -1968.865
17.28; 6569.28; 5397.738; -1968.592
17.3; 6569.29; 5397.738; -1968.318
17.32; 6569.3; 5397.738; -1968.043
17.34; 6569.31; 5397.738; -1967.77
17.36; 6569.321; 5397.738; -1967.498
17.38; 6569.333; 5397.738; -1967.23
17.4; 6569.344; 5397.739; -1966.965
17.42; 6569.356; 5397.738; -1966.703
17.44; 6569.369; 5397.739; -1966.448
17.46; 6569.381; 5397.738; -1966.197
17.48; 6569.395; 5397.738; -1965.954
17.5; 6569.408; 5397.739; -1965.722
17.52; 6569.421; 5397.74; -1965.498
17.54; 6569.436; 5397.741; -1965.282
17.56; 6569.449; 5397.742; -1965.077
17.58; 6569.463; 5397.743; -1964.882
17.6; 6569.477; 5397.743; -1964.698
17.62; 6569.492; 5397.744; -1964.527
17.64; 6569.506; 5397.746; -1964.37
17.66; 6569.52; 5397.748; -1964.227
17.68; 6569.534; 5397.749; -1964.097
17.7; 6569.548; 5397.751; -1963.98
17.72; 6569.562; 5397.753; -1963.877
17.74; 6569.582; 5397.756; -1963.751
17.76; 6569.607; 5397.76; -1963.635
17.78; 6569.678; 5397.773; -1963.739
17.8; 6569.687; 5397.775; -1963.86
17.82; 6569.692; 5397.778; -1964.016
17.84; 6569.695; 5397.779; -1964.135
17.86; 6569.697; 5397.78; -1964.268
17.88; 6569.697; 5397.781; -1964.414
17.9; 6569.698; 5397.782; -1964.573
17.92; 6569.696; 5397.784; -1964.745
17.94; 6569.695; 5397.785; -1964.928
17.96; 6569.693; 5397.786; -1965.121
17.98; 6569.689; 5397.787; -1965.326
18.0; 6569.685; 5397.788; -1965.539
18.02; 6569.681; 5397.788; -1965.761
18.04; 6569.676; 5397.789; -1965.994
18.06; 6569.671; 5397.789; -1966.235
18.08; 6569.666; 5397.79; -1966.482
18.1; 6569.659; 5397.79; -1966.735
18.12; 6569.651; 5397.791; -1966.994
18.14; 6569.644; 5397.791; -1967.258
18.16; 6569.636; 5397.792; -1967.527
18.18; 6569.628; 5397.792; -1967.798
18.2; 6569.619; 5397.792; -1968.071
18.22; 6569.609; 5397.793; -1968.346
18.24; 6569.6; 5397.792; -1968.621
18.26; 6569.589; 5397.792; -1968.894
18.28; 6569.578; 5397.792; -1969.166
18.3; 6569.566; 5397.793; -1969.436
18.32; 6569.554; 5397.792; -1969.701
18.34; 6569.542; 5397.791; -1969.963
18.36; 6569.529; 5397.791; -1970.22
18.38; 6569.516; 5397.79; -1970.471
18.4; 6569.501; 5397.789; -1970.716
18.42; 6569.488; 5397.788; -1970.954
18.44; 6569.473; 5397.787; -1971.182
18.46; 6569.46; 5397.785; -1971.402
18.48; 6569.445; 5397.784; -1971.614
18.5; 6569.429; 5397.782; -1971.814
18.52; 6569.414; 5397.781; -1972.005
18.54; 6569.4; 5397.779; -1972.186
18.56; 6569.384; 5397.777; -1972.353
18.58; 6569.369; 5397.775; -1972.51
18.6; 6569.355; 5397.774; -1972.654
18.62; 6569.341; 5397.772; -1972.786
18.64; 6569.327; 5397.77; -1972.904
18.66; 6569.314; 5397.768; -1973.01
18.68; 6569.294; 5397.767; -1973.143
18.7; 6569.279; 5397.763; -1973.245
18.72; 6569.253; 5397.76; -1973.343
18.74; 6569.215; 5397.753; -1973.246
18.76; 6569.21; 5397.751; -1973.145
18.78; 6569.205; 5397.75; -1973.013
18.8; 6569.203; 5397.749; -1972.906
18.82; 6569.201; 5397.748; -1972.786
18.84; 6569.201; 5397.747; -1972.653
18.86; 6569.201; 5397.747; -1972.508
18.88; 6569.202; 5397.746; -1972.35
18.9; 6569.204; 5397.746; -1972.179
18.92; 6569.205; 5397.745; -1971.996
18.94; 6569.208; 5397.744; -1971.802
18.96; 6569.212; 5397.743; -1971.598
18.98; 6569.216; 5397.743; -1971.383
19.0; 6569.22; 5397.742; -1971.16
19.02; 6569.225; 5397.742; -1970.928
19.04; 6569.231; 5397.741; -1970.69
19.06; 6569.237; 5397.741; -1970.444
19.08; 6569.244; 5397.74; -1970.192
19.1; 6569.251; 5397.74; -1969.934
19.12; 6569.259; 5397.739; -1969.672
19.14; 6569.269; 5397.739; -1969.407
19.16; 6569.278; 5397.739; -1969.138
19.18; 6569.288; 5397.739; -1968.868
19.2; 6569.299; 5397.74; -1968.597
19.22; 6569.311; 5397.74; -1968.325
19.24; 6569.323; 5397.74; -1968.052
19.26; 6569.336; 5397.74; -1967.782
19.28; 6569.349; 5397.74; -1967.513
19.3; 6569.363; 5397.741; -1967.249
19.32; 6569.378; 5397.742; -1966.99
19.34; 6569.393; 5397.743; -1966.734
19.36; 6569.408; 5397.744; -1966.485
19.38; 6569.424; 5397.745; -1966.24
19.4; 6569.439; 5397.745; -1966.003
19.42; 6569.454; 5397.747; -1965.774
19.44; 6569.469; 5397.748; -1965.554
19.46; 6569.486; 5397.749; -1965.343
19.48; 6569.501; 5397.75; -1965.141
19.5; 6569.516; 5397.751; -1964.951
19.52; 6569.53; 5397.753; -1964.771
19.54; 6569.545; 5397.754; -1964.601
19.56; 6569.558; 5397.755; -1964.443
19.58; 6569.571; 5397.757; -1964.298
19.6; 6569.585; 5397.758; -1964.166
19.62; 6569.597; 5397.759; -1964.046
19.64; 6569.608; 5397.76; -1963.941
19.66; 6569.623; 5397.762; -1963.806
19.68; 6569.638; 5397.763; -1963.706
19.7; 6569.662; 5397.767; -1963.608
19.72; 6569.687; 5397.771; -1963.721
19.74; 6569.691; 5397.773; -1963.827
19.76; 6569.696; 5397.774; -1963.968
19.78; 6569.697; 5397.776; -1964.081
19.8; 6569.698; 5397.777; -1964.207
19.82; 6569.698; 5397.778; -1964.346
19.84; 6569.698; 5397.779; -1964.498
19.86; 6569.698; 5397.78; -1964.663
19.88; 6569.695; 5397.782; -1964.842
19.9; 6569.693; 5397.782; -1965.03
19.92; 6569.689; 5397.784; -1965.23
19.94; 6569.685; 5397.785; -1965.441
19.96; 6569.681; 5397.786; -1965.66
19.98; 6569.675; 5397.786; -1965.886
20.0; 6569.669; 5397.787; -1966.123
20.02; 6569.662; 5397.788; -1966.366
20.04; 6569.655; 5397.787; -1966.614
20.06; 6569.647; 5397.787; -1966.868
20.08; 6569.637; 5397.787; -1967.128
20.1; 6569.626; 5397.787; -1967.39
20.12; 6569.616; 5397.787; -1967.656
20.14; 6569.604; 5397.787; -1967.923
20.16; 6569.592; 5397.786; -1968.192
20.18; 6569.579; 5397.786; -1968.46
20.2; 6569.565; 5397.785; -1968.728
20.22; 6569.551; 5397.784; -1968.995
20.24; 6569.537; 5397.783; -1969.259
20.26; 6569.522; 5397.783; -1969.522
20.28; 6569.507; 5397.781; -1969.779
20.3; 6569.492; 5397.78; -1970.032
20.32; 6569.477; 5397.778; -1970.281
20.34; 6569.462; 5397.777; -1970.525
20.36; 6569.447; 5397.776; -1970.764
20.38; 6569.432; 5397.774; -1970.994
20.4; 6569.417; 5397.773; -1971.218
20.42; 6569.403; 5397.771; -1971.433
20.44; 6569.388; 5397.771; -1971.641
20.46; 6569.375; 5397.769; -1971.838
20.48; 6569.361; 5397.768; -1972.025
20.5; 6569.348; 5397.766; -1972.201
20.52; 6569.335; 5397.765; -1972.366
20.54; 6569.323; 5397.764; -1972.52
20.56; 6569.312; 5397.763; -1972.662
20.58; 6569.301; 5397.762; -1972.791
20.6; 6569.29; 5397.761; -1972.907
20.62; 6569.28; 5397.761; -1973.009
20.64; 6569.266; 5397.759; -1973.137
20.66; 6569.25; 5397.757; -1973.258
20.68; 6569.205; 5397.748; -1973.15
20.7; 6569.201; 5397.747; -1973.026
20.72; 6569.199; 5397.745; -1972.925
20.74; 6569.198; 5397.744; -1972.81
20.76; 6569.197; 5397.744; -1972.683
20.78; 6569.197; 5397.743; -1972.542
20.8; 6569.199; 5397.742; -1972.389
20.82; 6569.201; 5397.742; -1972.224
20.84; 6569.204; 5397.741; -1972.048
20.86; 6569.209; 5397.741; -1971.862
20.88; 6569.214; 5397.74; -1971.665
20.9; 6569.22; 5397.74; -1971.458
20.92; 6569.226; 5397.74; -1971.244
20.94; 6569.233; 5397.74; -1971.021
20.96; 6569.241; 5397.74; -1970.79
20.98; 6569.251; 5397.74; -1970.553
21.0; 6569.261; 5397.74; -1970.31
21.02; 6569.271; 5397.741; -1970.061
21.04; 6569.283; 5397.741; -1969.808
21.06; 6569.295; 5397.742; -1969.55
21.08; 6569.308; 5397.743; -1969.29
21.1; 6569.322; 5397.743; -1969.026
21.12; 6569.335; 5397.744; -1968.761
21.14; 6569.349; 5397.744; -1968.494
21.16; 6569.363; 5397.746; -1968.228
21.18; 6569.378; 5397.746; -1967.96
21.2; 6569.393; 5397.747; -1967.695
21.22; 6569.408; 5397.748; -1967.431
21.24; 6569.423; 5397.749; -1967.171
21.26; 6569.437; 5397.749; -1966.913
21.28; 6569.452; 5397.75; -1966.66
21.3; 6569.466; 5397.751; -1966.414
21.32; 6569.48; 5397.752; -1966.173
21.34; 6569.493; 5397.752; -1965.937
21.36; 6569.506; 5397.753; -1965.712
21.38; 6569.52; 5397.754; -1965.494
21.4; 6569.534; 5397.754; -1965.285
21.42; 6569.546; 5397.755; -1965.086
21.44; 6569.559; 5397.755; -1964.898
21.46; 6569.571; 5397.756; -1964.72
21.48; 6569.583; 5397.756; -1964.552
21.5; 6569.594; 5397.757; -1964.399
21.52; 6569.606; 5397.757; -1964.258
21.54; 6569.616; 5397.759; -1964.131
21.56; 6569.627; 5397.76; -1964.019
21.58; 6569.642; 5397.761; -1963.876
21.6; 6569.653; 5397.763; -1963.766
21.62; 6569.674; 5397.766; -1963.659
21.64; 6569.705; 5397.772; -1963.767
21.66; 6569.708; 5397.773; -1963.874
21.68; 6569.71; 5397.775; -1964.015
21.7; 6569.711; 5397.776; -1964.126
21.72; 6569.71; 5397.777; -1964.251
21.74; 6569.707; 5397.778; -1964.388
21.76; 6569.704; 5397.778; -1964.537
21.78; 6569.7; 5397.779; -1964.699
21.8; 6569.695; 5397.779; -1964.871
21.82; 6569.689; 5397.78; -1965.056
21.84; 6569.682; 5397.78; -1965.249
21.86; 6569.675; 5397.78; -1965.454
21.88; 6569.667; 5397.78; -1965.667
21.9; 6569.658; 5397.779; -1965.886
21.92; 6569.648; 5397.779; -1966.115
21.94; 6569.637; 5397.779; -1966.352
21.96; 6569.627; 5397.778; -1966.595
21.98; 6569.615; 5397.778; -1966.843
22.0; 6569.602; 5397.777; -1967.095
22.02; 6569.59; 5397.776; -1967.353
22.04; 6569.576; 5397.776; -1967.614
22.06; 6569.564; 5397.775; -1967.878
22.08; 6569.55; 5397.775; -1968.143
22.1; 6569.537; 5397.775; -1968.411
22.12; 6569.523; 5397.774; -1968.676
22.14; 6569.509; 5397.773; -1968.942
22.16; 6569.495; 5397.772; -1969.207
22.18; 6569.481; 5397.772; -1969.47
22.2; 6569.468; 5397.771; -1969.73
22.22; 6569.455; 5397.769; -1969.985
22.24; 6569.441; 5397.769; -1970.237
22.26; 6569.428; 5397.768; -1970.483
22.28; 6569.415; 5397.767; -1970.722
22.3; 6569.402; 5397.767; -1970.955
22.32; 6569.388; 5397.765; -1971.178
22.34; 6569.375; 5397.764; -1971.395
22.36; 6569.362; 5397.763; -1971.602
22.38; 6569.35; 5397.763; -1971.799
22.4; 6569.337; 5397.762; -1971.985
22.42; 6569.326; 5397.76; -1972.16
22.44; 6569.314; 5397.759; -1972.324
22.46; 6569.302; 5397.759; -1972.477
22.48; 6569.29; 5397.757; -1972.615
22.5; 6569.279; 5397.756; -1972.741
22.52; 6569.269; 5397.755; -1972.854
22.54; 6569.254; 5397.753; -1972.998
22.56; 6569.24; 5397.751; -1973.111
22.58; 6569.225; 5397.749; -1973.213
22.6; 6569.194; 5397.742; -1973.089
22.62; 6569.195; 5397.741; -1972.969
22.64; 6569.197; 5397.741; -1972.819
22.66; 6569.201; 5397.74; -1972.703
22.68; 6569.205; 5397.741; -1972.575
22.7; 6569.211; 5397.741; -1972.434
22.72; 6569.216; 5397.741; -1972.282
22.74; 6569.223; 5397.742; -1972.118
22.76; 6569.23; 5397.742; -1971.942
22.78; 6569.237; 5397.742; -1971.756
22.8; 6569.246; 5397.742; -1971.56
22.82; 6569.255; 5397.743; -1971.354
22.84; 6569.264; 5397.744; -1971.141
22.86; 6569.274; 5397.744; -1970.918
22.88; 6569.285; 5397.744; -1970.687
22.9; 6569.296; 5397.745; -1970.45
22.92; 6569.308; 5397.745; -1970.205
22.94; 6569.32; 5397.746; -1969.955
22.96; 6569.332; 5397.746; -1969.7
22.98; 6569.344; 5397.747; -1969.441
23.0; 6569.357; 5397.747; -1969.179
23.02; 6569.369; 5397.748; -1968.913
23.04; 6569.383; 5397.748; -1968.646
23.06; 6569.396; 5397.749; -1968.378
23.08; 6569.409; 5397.749; -1968.11
23.1; 6569.422; 5397.749; -1967.843
23.12; 6569.436; 5397.75; -1967.579
23.14; 6569.448; 5397.751; -1967.316
23.16; 6569.463; 5397.751; -1967.058
23.18; 6569.477; 5397.751; -1966.804
23.2; 6569.49; 5397.752; -1966.556
23.22; 6569.504; 5397.752; -1966.313
23.24; 6569.518; 5397.753; -1966.078
23.26; 6569.531; 5397.754; -1965.85
23.28; 6569.546; 5397.755; -1965.632
23.3; 6569.559; 5397.755; -1965.421
23.32; 6569.573; 5397.756; -1965.22
23.34; 6569.586; 5397.757; -1965.03
23.36; 6569.598; 5397.758; -1964.85
23.38; 6569.61; 5397.759; -1964.682
23.4; 6569.622; 5397.76; -1964.525
23.42; 6569.634; 5397.761; -1964.382
23.44; 6569.645; 5397.762; -1964.252
23.46; 6569.655; 5397.763; -1964.134
23.48; 6569.665; 5397.764; -1964.031
23.5; 6569.677; 5397.765; -1963.901
23.52; 6569.691; 5397.767; -1963.779
23.54; 6569.708; 5397.77; -1963.908
23.56; 6569.703; 5397.771; -1964.04
23.58; 6569.7; 5397.771; -1964.145
23.6; 6569.695; 5397.771; -1964.264
23.62; 6569.69; 5397.772; -1964.395
23.64; 6569.684; 5397.771; -1964.539
23.66; 6569.678; 5397.771; -1964.696
23.68; 6569.67; 5397.771; -1964.864
23.7; 6569.663; 5397.771; -1965.046
23.72; 6569.655; 5397.771; -1965.238
23.74; 6569.646; 5397.771; -1965.441
23.76; 6569.637; 5397.771; -1965.652
23.78; 6569.627; 5397.77; -1965.872
23.8; 6569.618; 5397.77; -1966.102
23.82; 6569.607; 5397.77; -1966.338
23.84; 6569.596; 5397.77; -1966.581
23.86; 6569.585; 5397.769; -1966.829
23.88; 6569.574; 5397.769; -1967.082
23.9; 6569.562; 5397.769; -1967.34
23.92; 6569.549; 5397.769; -1967.601
23.94; 6569.537; 5397.768; -1967.865
23.96; 6569.525; 5397.768; -1968.13
23.98; 6569.511; 5397.768; -1968.396
24.0; 6569.497; 5397.767; -1968.66
24.02; 6569.484; 5397.767; -1968.925
24.04; 6569.47; 5397.766; -1969.187
24.06; 6569.456; 5397.765; -1969.447
24.08; 6569.442; 5397.763; -1969.702
24.1; 6569.428; 5397.762; -1969.954
24.12; 6569.413; 5397.762; -1970.201
24.14; 6569.399; 5397.761; -1970.443
24.16; 6569.384; 5397.759; -1970.677
24.18; 6569.369; 5397.759; -1970.906
24.2; 6569.356; 5397.756; -1971.125
24.22; 6569.342; 5397.755; -1971.337
24.24; 6569.329; 5397.754; -1971.539
24.26; 6569.316; 5397.753; -1971.733
24.28; 6569.303; 5397.752; -1971.916
24.3; 6569.292; 5397.751; -1972.088
24.32; 6569.28; 5397.75; -1972.249
24.34; 6569.27; 5397.749; -1972.401
24.36; 6569.26; 5397.748; -1972.538
24.38; 6569.251; 5397.747; -1972.664
24.4; 6569.242; 5397.747; -1972.779
24.42; 6569.236; 5397.746; -1972.881
24.44; 6569.226; 5397.745; -1973.008
24.46; 6569.216; 5397.744; -1973.132
24.48; 6569.213; 5397.742; -1973.024
24.5; 6569.218; 5397.743; -1972.898
24.52; 6569.222; 5397.743; -1972.797
24.54; 6569.226; 5397.743; -1972.682
24.56; 6569.232; 5397.743; -1972.555
24.58; 6569.237; 5397.744; -1972.415
24.6; 6569.244; 5397.744; -1972.263
24.62; 6569.25; 5397.744; -1972.098
24.64; 6569.257; 5397.744; -1971.923
24.66; 6569.265; 5397.744; -1971.737
24.68; 6569.274; 5397.744; -1971.541
24.7; 6569.282; 5397.745; -1971.335
24.72; 6569.292; 5397.745; -1971.121
24.74; 6569.302; 5397.745; -1970.898
24.76; 6569.313; 5397.746; -1970.667
24.78; 6569.323; 5397.746; -1970.43
24.8; 6569.335; 5397.747; -1970.188
24.82; 6569.347; 5397.747; -1969.94
24.84; 6569.36; 5397.747; -1969.687
24.86; 6569.373; 5397.748; -1969.431
24.88; 6569.386; 5397.749; -1969.172
24.9; 6569.4; 5397.75; -1968.912
24.92; 6569.414; 5397.75; -1968.649
24.94; 6569.429; 5397.751; -1968.387
24.96; 6569.443; 5397.752; -1968.125
24.98; 6569.458; 5397.753; -1967.864
25.0; 6569.473; 5397.754; -1967.606
25.02; 6569.487; 5397.755; -1967.349
25.04; 6569.503; 5397.756; -1967.097
25.06; 6569.517; 5397.757; -1966.849
25.08; 6569.531; 5397.758; -1966.605
25.1; 6569.546; 5397.758; -1966.368
25.12; 6569.561; 5397.759; -1966.136
25.14; 6569.574; 5397.759; -1965.911
25.16; 6569.587; 5397.76; -1965.695
25.18; 6569.599; 5397.762; -1965.488
25.2; 6569.611; 5397.762; -1965.287
25.22; 6569.622; 5397.762; -1965.097
25.24; 6569.632; 5397.763; -1964.917
25.26; 6569.642; 5397.764; -1964.749
25.28; 6569.651; 5397.764; -1964.59
25.3; 6569.659; 5397.764; -1964.444
25.32; 6569.666; 5397.764; -1964.311
25.34; 6569.673; 5397.764; -1964.19
25.36; 6569.679; 5397.764; -1964.083
25.38; 6569.686; 5397.765; -1963.948
25.4; 6569.691; 5397.764; -1963.844
25.42; 6569.698; 5397.764; -1963.738
25.44; 6569.696; 5397.765; -1963.863
25.46; 6569.69; 5397.766; -1963.973
25.48; 6569.684; 5397.766; -1964.116
25.5; 6569.681; 5397.767; -1964.23
25.52; 6569.676; 5397.767; -1964.355
25.54; 6569.671; 5397.766; -1964.494
25.56; 6569.664; 5397.766; -1964.645
25.58; 6569.657; 5397.767; -1964.808
25.6; 6569.649; 5397.766; -1964.983
25.62; 6569.641; 5397.766; -1965.169
25.64; 6569.632; 5397.767; -1965.365
25.66; 6569.622; 5397.767; -1965.57
25.68; 6569.613; 5397.765; -1965.782
25.7; 6569.601; 5397.765; -1966.004
25.72; 6569.59; 5397.765; -1966.233
25.74; 6569.578; 5397.765; -1966.469
25.76; 6569.565; 5397.764; -1966.709
25.78; 6569.552; 5397.763; -1966.954
25.8; 6569.538; 5397.763; -1967.205
25.82; 6569.525; 5397.762; -1967.458
25.84; 6569.51; 5397.761; -1967.715
25.86; 6569.496; 5397.76; -1967.973
25.88; 6569.481; 5397.759; -1968.232
25.9; 6569.467; 5397.758; -1968.491
25.92; 6569.452; 5397.757; -1968.751
25.94; 6569.437; 5397.756; -1969.01
25.96; 6569.423; 5397.755; -1969.266
25.98; 6569.408; 5397.754; -1969.521
26.0; 6569.394; 5397.753; -1969.771
26.02; 6569.38; 5397.752; -1970.019
26.04; 6569.367; 5397.751; -1970.261
26.06; 6569.353; 5397.75; -1970.498
26.08; 6569.341; 5397.749; -1970.728
26.1; 6569.33; 5397.749; -1970.953
26.12; 6569.318; 5397.748; -1971.169
26.14; 6569.307; 5397.747; -1971.377
26.16; 6569.297; 5397.747; -1971.577
26.18; 6569.288; 5397.747; -1971.767
26.2; 6569.278; 5397.746; -1971.946
26.22; 6569.271; 5397.746; -1972.117
26.24; 6569.263; 5397.746; -1972.274
26.26; 6569.256; 5397.746; -1972.422
26.28; 6569.249; 5397.746; -1972.556
26.3; 6569.243; 5397.745; -1972.678
26.32; 6569.239; 5397.745; -1972.787
26.34; 6569.232; 5397.745; -1972.926
26.36; 6569.226; 5397.744; -1973.034
26.38; 6569.22; 5397.744; -1973.143
26.4; 6569.222; 5397.742; -1973.035
26.42; 6569.227; 5397.742; -1972.929
26.44; 6569.233; 5397.743; -1972.792
26.46; 6569.239; 5397.743; -1972.685
26.48; 6569.244; 5397.743; -1972.566
26.5; 6569.25; 5397.744; -1972.434
26.52; 6569.256; 5397.744; -1972.29
26.54; 6569.265; 5397.744; -1972.135
26.56; 6569.275; 5397.746; -1971.971
26.58; 6569.284; 5397.746; -1971.794
26.6; 6569.294; 5397.747; -1971.608
26.62; 6569.305; 5397.747; -1971.412
26.64; 6569.316; 5397.749; -1971.208
26.66; 6569.328; 5397.75; -1970.996
26.68; 6569.342; 5397.75; -1970.776
26.7; 6569.354; 5397.752; -1970.549
26.72; 6569.367; 5397.752; -1970.314
26.74; 6569.382; 5397.753; -1970.074
26.76; 6569.396; 5397.754; -1969.831
26.78; 6569.41; 5397.756; -1969.582
26.8; 6569.425; 5397.756; -1969.33
26.82; 6569.439; 5397.757; -1969.075
26.84; 6569.453; 5397.758; -1968.817
26.86; 6569.467; 5397.759; -1968.558
26.88; 6569.48; 5397.76; -1968.3
26.9; 6569.494; 5397.76; -1968.039
26.92; 6569.507; 5397.761; -1967.781
26.94; 6569.521; 5397.761; -1967.524
26.96; 6569.532; 5397.762; -1967.269
26.98; 6569.545; 5397.762; -1967.018
27.0; 6569.558; 5397.762; -1966.772
27.02; 6569.569; 5397.763; -1966.53
27.04; 6569.58; 5397.763; -1966.295
27.06; 6569.591; 5397.763; -1966.065
27.08; 6569.602; 5397.763; -1965.843
27.1; 6569.612; 5397.763; -1965.63
27.12; 6569.621; 5397.763; -1965.424
27.14; 6569.629; 5397.763; -1965.228
27.16; 6569.638; 5397.763; -1965.043
27.18; 6569.647; 5397.763; -1964.869
27.2; 6569.654; 5397.763; -1964.706
27.22; 6569.661; 5397.763; -1964.555
27.24; 6569.667; 5397.763; -1964.416
27.26; 6569.672; 5397.764; -1964.292
27.28; 6569.678; 5397.764; -1964.181
27.3; 6569.685; 5397.764; -1964.039
27.32; 6569.691; 5397.764; -1963.93
27.34; 6569.696; 5397.765; -1963.82
27.36; 6569.687; 5397.766; -1963.927
27.38; 6569.68; 5397.765; -1964.033
27.4; 6569.672; 5397.764; -1964.17
27.42; 6569.666; 5397.765; -1964.28
27.44; 6569.659; 5397.764; -1964.4
27.46; 6569.65; 5397.763; -1964.535
27.48; 6569.641; 5397.762; -1964.68
27.5; 6569.631; 5397.762; -1964.838
27.52; 6569.621; 5397.761; -1965.007
27.54; 6569.61; 5397.761; -1965.187
27.56; 6569.599; 5397.76; -1965.377
27.58; 6569.586; 5397.759; -1965.575
27.6; 6569.575; 5397.758; -1965.781
27.62; 6569.561; 5397.757; -1965.997
27.64; 6569.548; 5397.757; -1966.221
27.66; 6569.536; 5397.756; -1966.452
27.68; 6569.523; 5397.755; -1966.689
27.7; 6569.509; 5397.755; -1966.932
27.72; 6569.496; 5397.754; -1967.178
27.74; 6569.483; 5397.753; -1967.429
27.76; 6569.469; 5397.753; -1967.685
27.78; 6569.457; 5397.753; -1967.942
27.8; 6569.444; 5397.752; -1968.202
27.82; 6569.431; 5397.752; -1968.462
27.84; 6569.419; 5397.751; -1968.722
27.86; 6569.406; 5397.751; -1968.98
27.88; 6569.393; 5397.751; -1969.237
27.9; 6569.382; 5397.75; -1969.492
27.92; 6569.37; 5397.749; -1969.743
27.94; 6569.358; 5397.749; -1969.99
27.96; 6569.347; 5397.748; -1970.232
27.98; 6569.337; 5397.748; -1970.468
28.0; 6569.327; 5397.747; -1970.698
28.02; 6569.316; 5397.748; -1970.921
28.04; 6569.307; 5397.747; -1971.135
28.06; 6569.296; 5397.747; -1971.34
28.08; 6569.287; 5397.746; -1971.537
28.1; 6569.279; 5397.746; -1971.724
28.12; 6569.271; 5397.745; -1971.9
28.14; 6569.262; 5397.745; -1972.066
28.16; 6569.256; 5397.745; -1972.221
28.18; 6569.249; 5397.745; -1972.365
28.2; 6569.243; 5397.744; -1972.496
28.22; 6569.237; 5397.744; -1972.615
28.24; 6569.232; 5397.743; -1972.72
28.26; 6569.227; 5397.743; -1972.855
28.28; 6569.223; 5397.743; -1972.96
28.3; 6569.22; 5397.744; -1973.069
28.32; 6569.241; 5397.745; -1972.947
28.34; 6569.25; 5397.747; -1972.84
28.36; 6569.261; 5397.748; -1972.702
28.38; 6569.27; 5397.749; -1972.595
28.4; 6569.279; 5397.75; -1972.475
28.42; 6569.288; 5397.751; -1972.342
28.44; 6569.297; 5397.752; -1972.198
28.46; 6569.307; 5397.753; -1972.042
28.48; 6569.318; 5397.754; -1971.875
28.5; 6569.328; 5397.755; -1971.698
28.52; 6569.34; 5397.755; -1971.51
28.54; 6569.352; 5397.757; -1971.313
28.56; 6569.363; 5397.758; -1971.107
28.58; 6569.375; 5397.758; -1970.893
28.6; 6569.389; 5397.758; -1970.67
28.62; 6569.4; 5397.759; -1970.44
28.64; 6569.411; 5397.76; -1970.204
28.66; 6569.423; 5397.761; -1969.963
28.68; 6569.436; 5397.761; -1969.717
28.7; 6569.448; 5397.762; -1969.467
28.72; 6569.46; 5397.762; -1969.213
28.74; 6569.472; 5397.762; -1968.957
28.76; 6569.484; 5397.763; -1968.701
28.78; 6569.497; 5397.764; -1968.444
28.8; 6569.508; 5397.764; -1968.187
28.82; 6569.521; 5397.764; -1967.928
28.84; 6569.533; 5397.764; -1967.673
28.86; 6569.544; 5397.765; -1967.421
28.88; 6569.556; 5397.765; -1967.171
28.9; 6569.568; 5397.765; -1966.926
28.92; 6569.579; 5397.765; -1966.687
28.94; 6569.589; 5397.766; -1966.452
28.96; 6569.6; 5397.766; -1966.224
28.98; 6569.61; 5397.767; -1966.003
29.0; 6569.621; 5397.766; -1965.79
29.02; 6569.63; 5397.767; -1965.586
29.04; 6569.638; 5397.767; -1965.39
29.06; 6569.646; 5397.767; -1965.203
29.08; 6569.654; 5397.767; -1965.028
29.1; 6569.661; 5397.768; -1964.864
29.12; 6569.667; 5397.767; -1964.709
29.14; 6569.673; 5397.768; -1964.567
29.16; 6569.677; 5397.767; -1964.435
29.18; 6569.681; 5397.767; -1964.318
29.2; 6569.684; 5397.767; -1964.213
29.22; 6569.687; 5397.766; -1964.079
29.24; 6569.687; 5397.766; -1963.977
29.26; 6569.684; 5397.765; -1963.875
29.28; 6569.656; 5397.761; -1963.997
29.3; 6569.646; 5397.759; -1964.108
29.32; 6569.634; 5397.758; -1964.25
29.34; 6569.625; 5397.758; -1964.362
29.36; 6569.617; 5397.757; -1964.488
29.38; 6569.606; 5397.757; -1964.626
29.4; 6569.597; 5397.756; -1964.775
29.42; 6569.587; 5397.755; -1964.936
29.44; 6569.578; 5397.754; -1965.109
29.46; 6569.567; 5397.754; -1965.292
29.48; 6569.557; 5397.754; -1965.488
29.5; 6569.546; 5397.754; -1965.69
29.52; 6569.534; 5397.753; -1965.9
29.54; 6569.523; 5397.753; -1966.119
29.56; 6569.511; 5397.753; -1966.346
29.58; 6569.5; 5397.753; -1966.579
29.6; 6569.488; 5397.752; -1966.818
29.62; 6569.476; 5397.752; -1967.062
29.64; 6569.463; 5397.752; -1967.309
29.66; 6569.452; 5397.751; -1967.559
29.68; 6569.44; 5397.75; -1967.812
29.7; 6569.427; 5397.75; -1968.067
29.72; 6569.415; 5397.75; -1968.323
29.74; 6569.402; 5397.749; -1968.579
29.76; 6569.39; 5397.748; -1968.832
29.78; 6569.377; 5397.748; -1969.085
29.8; 6569.365; 5397.748; -1969.335
29.82; 6569.353; 5397.747; -1969.583
29.84; 6569.341; 5397.747; -1969.826
29.86; 6569.331; 5397.746; -1970.064
29.88; 6569.319; 5397.745; -1970.298
29.9; 6569.309; 5397.745; -1970.526
29.92; 6569.299; 5397.745; -1970.748
29.94; 6569.29; 5397.744; -1970.963
29.96; 6569.281; 5397.744; -1971.17
29.98; 6569.273; 5397.743; -1971.368
30.0; 6569.266; 5397.744; -1971.558
30.02; 6569.258; 5397.744; -1971.739
30.04; 6569.252; 5397.744; -1971.91
30.06; 6569.248; 5397.743; -1972.07
30.08; 6569.243; 5397.744; -1972.22
30.1; 6569.24; 5397.744; -1972.359
30.12; 6569.237; 5397.744; -1972.486
30.14; 6569.236; 5397.745; -1972.602
30.16; 6569.234; 5397.745; -1972.703
30.18; 6569.234; 5397.746; -1972.833
30.2; 6569.237; 5397.747; -1972.959
30.22; 6569.279; 5397.753; -1972.847
30.24; 6569.288; 5397.755; -1972.72
30.26; 6569.296; 5397.755; -1972.619
30.28; 6569.304; 5397.756; -1972.506
30.3; 6569.312; 5397.757; -1972.38
30.32; 6569.32; 5397.758; -1972.24
30.34; 6569.329; 5397.758; -1972.09
30.36; 6569.339; 5397.759; -1971.93
30.38; 6569.349; 5397.76; -1971.757
30.4; 6569.359; 5397.76; -1971.575
30.42; 6569.37; 5397.76; -1971.384
30.44; 6569.38; 5397.762; -1971.184
30.46; 6569.392; 5397.762; -1970.977
30.48; 6569.403; 5397.763; -1970.761
30.5; 6569.415; 5397.763; -1970.538
30.52; 6569.427; 5397.765; -1970.31
30.54; 6569.44; 5397.765; -1970.076
30.56; 6569.452; 5397.766; -1969.838
30.58; 6569.464; 5397.767; -1969.597
30.6; 6569.477; 5397.767; -1969.35
30.62; 6569.49; 5397.768; -1969.102
30.64; 6569.502; 5397.769; -1968.852
30.66; 6569.515; 5397.769; -1968.601
30.68; 6569.527; 5397.77; -1968.349
30.7; 6569.539; 5397.771; -1968.097
30.72; 6569.551; 5397.771; -1967.846
30.74; 6569.563; 5397.771; -1967.597
30.76; 6569.574; 5397.772; -1967.351
30.78; 6569.584; 5397.772; -1967.107
30.8; 6569.594; 5397.772; -1966.868
30.82; 6569.604; 5397.772; -1966.632
30.84; 6569.612; 5397.772; -1966.403
30.86; 6569.62; 5397.772; -1966.179
30.88; 6569.628; 5397.771; -1965.961
30.9; 6569.635; 5397.771; -1965.753
30.92; 6569.641; 5397.771; -1965.552
30.94; 6569.646; 5397.771; -1965.36
30.96; 6569.651; 5397.77; -1965.177
30.98; 6569.655; 5397.769; -1965.004
31.0; 6569.658; 5397.768; -1964.842
31.02; 6569.661; 5397.768; -1964.691
31.04; 6569.662; 5397.767; -1964.553
31.06; 6569.664; 5397.766; -1964.426
31.08; 6569.664; 5397.765; -1964.313
31.1; 6569.664; 5397.764; -1964.213
31.12; 6569.663; 5397.763; -1964.087
31.14; 6569.659; 5397.762; -1963.97
31.16; 6569.623; 5397.757; -1964.081
31.18; 6569.614; 5397.756; -1964.203
31.2; 6569.602; 5397.755; -1964.355
31.22; 6569.593; 5397.755; -1964.474
31.24; 6569.585; 5397.754; -1964.604
31.26; 6569.575; 5397.754; -1964.747
31.28; 6569.566; 5397.753; -1964.899
31.3; 6569.556; 5397.753; -1965.063
31.32; 6569.546; 5397.752; -1965.238
31.34; 6569.534; 5397.752; -1965.423
31.36; 6569.522; 5397.752; -1965.616
31.38; 6569.511; 5397.75; -1965.817
31.4; 6569.499; 5397.75; -1966.026
31.42; 6569.486; 5397.749; -1966.244
31.44; 6569.475; 5397.749; -1966.468
31.46; 6569.461; 5397.748; -1966.697
31.48; 6569.449; 5397.747; -1966.931
31.5; 6569.436; 5397.746; -1967.17
31.52; 6569.424; 5397.746; -1967.414
31.54; 6569.411; 5397.746; -1967.66
31.56; 6569.4; 5397.745; -1967.91
31.58; 6569.387; 5397.744; -1968.159
31.6; 6569.376; 5397.744; -1968.411
31.62; 6569.364; 5397.744; -1968.661
31.64; 6569.354; 5397.744; -1968.912
31.66; 6569.343; 5397.743; -1969.161
31.68; 6569.333; 5397.744; -1969.408
31.7; 6569.324; 5397.743; -1969.652
31.72; 6569.315; 5397.743; -1969.893
31.74; 6569.308; 5397.743; -1970.128
31.76; 6569.299; 5397.743; -1970.359
31.78; 6569.293; 5397.743; -1970.584
31.8; 6569.286; 5397.744; -1970.804
31.82; 6569.28; 5397.744; -1971.016
31.84; 6569.275; 5397.744; -1971.219
31.86; 6569.271; 5397.745; -1971.415
31.88; 6569.266; 5397.745; -1971.601
31.9; 6569.263; 5397.746; -1971.778
31.92; 6569.26; 5397.746; -1971.944
31.94; 6569.258; 5397.747; -1972.1
31.96; 6569.256; 5397.747; -1972.244
31.98; 6569.255; 5397.748; -1972.377
32.0; 6569.253; 5397.749; -1972.496
32.02; 6569.253; 5397.749; -1972.603
32.04; 6569.253; 5397.75; -1972.739
32.06; 6569.254; 5397.751; -1972.847
32.08; 6569.26; 5397.752; -1972.959
32.1; 6569.29; 5397.755; -1972.85
32.12; 6569.302; 5397.756; -1972.746
32.14; 6569.313; 5397.758; -1972.613
32.16; 6569.322; 5397.759; -1972.509
32.18; 6569.331; 5397.76; -1972.393
32.2; 6569.34; 5397.761; -1972.265
32.22; 6569.35; 5397.762; -1972.125
32.24; 6569.362; 5397.763; -1971.975
32.26; 6569.372; 5397.764; -1971.815
32.28; 6569.384; 5397.765; -1971.644
32.3; 6569.395; 5397.766; -1971.463
32.32; 6569.408; 5397.767; -1971.273
32.34; 6569.419; 5397.768; -1971.075
32.36; 6569.43; 5397.769; -1970.869
32.38; 6569.443; 5397.77; -1970.655
32.4; 6569.455; 5397.771; -1970.435
32.42; 6569.467; 5397.772; -1970.209
32.44; 6569.478; 5397.772; -1969.976
32.46; 6569.49; 5397.773; -1969.739
32.48; 6569.501; 5397.773; -1969.498
32.5; 6569.511; 5397.773; -1969.252
32.52; 6569.523; 5397.774; -1969.006
32.54; 6569.533; 5397.774; -1968.756
32.56; 6569.543; 5397.775; -1968.506
32.58; 6569.553; 5397.774; -1968.254
32.6; 6569.562; 5397.774; -1968.001
32.62; 6569.571; 5397.773; -1967.751
32.64; 6569.579; 5397.773; -1967.504
32.66; 6569.586; 5397.773; -1967.258
32.68; 6569.594; 5397.773; -1967.017
32.7; 6569.6; 5397.772; -1966.779
32.72; 6569.607; 5397.772; -1966.548
32.74; 6569.613; 5397.771; -1966.322
32.76; 6569.619; 5397.77; -1966.103
32.78; 6569.625; 5397.769; -1965.891
32.8; 6569.628; 5397.769; -1965.689
32.82; 6569.633; 5397.768; -1965.495
32.84; 6569.637; 5397.767; -1965.309
32.86; 6569.64; 5397.767; -1965.135
32.88; 6569.643; 5397.765; -1964.971
32.9; 6569.645; 5397.765; -1964.819
32.92; 6569.647; 5397.764; -1964.676
32.94; 6569.649; 5397.763; -1964.547
32.96; 6569.648; 5397.763; -1964.43
32.98; 6569.649; 5397.762; -1964.325
33.0; 6569.648; 5397.761; -1964.193
33.02; 6569.645; 5397.76; -1964.092
33.04; 6569.637; 5397.758; -1963.991
33.06; 6569.602; 5397.754; -1964.105
33.08; 6569.59; 5397.752; -1964.21
33.1; 6569.576; 5397.75; -1964.344
33.12; 6569.566; 5397.749; -1964.449
33.14; 6569.555; 5397.748; -1964.568
33.16; 6569.546; 5397.747; -1964.698
33.18; 6569.536; 5397.746; -1964.84
33.2; 6569.524; 5397.746; -1964.993
33.22; 6569.513; 5397.745; -1965.157
33.24; 6569.502; 5397.744; -1965.333
33.26; 6569.491; 5397.744; -1965.517
33.28; 6569.48; 5397.743; -1965.712
33.3; 6569.469; 5397.742; -1965.913
33.32; 6569.457; 5397.742; -1966.123
33.34; 6569.447; 5397.742; -1966.342
33.36; 6569.436; 5397.741; -1966.567
33.38; 6569.426; 5397.741; -1966.797
33.4; 6569.416; 5397.741; -1967.033
33.42; 6569.405; 5397.74; -1967.273
33.44; 6569.396; 5397.741; -1967.518
33.46; 6569.386; 5397.741; -1967.765
33.48; 6569.377; 5397.741; -1968.013
33.5; 6569.367; 5397.741; -1968.263
33.52; 6569.358; 5397.742; -1968.514
33.54; 6569.35; 5397.742; -1968.763
33.56; 6569.342; 5397.742; -1969.012
33.58; 6569.334; 5397.742; -1969.258
33.6; 6569.327; 5397.743; -1969.502
33.62; 6569.32; 5397.743; -1969.742
33.64; 6569.314; 5397.742; -1969.977
33.66; 6569.306; 5397.743; -1970.208
33.68; 6569.3; 5397.743; -1970.432
33.7; 6569.294; 5397.744; -1970.652
33.72; 6569.289; 5397.744; -1970.863
33.74; 6569.284; 5397.744; -1971.067
33.76; 6569.279; 5397.745; -1971.263
33.78; 6569.275; 5397.745; -1971.449
33.8; 6569.272; 5397.745; -1971.627
33.82; 6569.268; 5397.746; -1971.795
33.84; 6569.266; 5397.747; -1971.952
33.86; 6569.265; 5397.747; -1972.099
33.88; 6569.264; 5397.747; -1972.234
33.9; 6569.264; 5397.748; -1972.36
33.92; 6569.264; 5397.749; -1972.472
33.94; 6569.265; 5397.75; -1972.616
33.96; 6569.27; 5397.75; -1972.734
33.98; 6569.277; 5397.752; -1972.848
34.0; 6569.332; 5397.761; -1972.744
34.02; 6569.345; 5397.763; -1972.627
34.04; 6569.359; 5397.764; -1972.48
34.06; 6569.369; 5397.766; -1972.367
34.08; 6569.379; 5397.767; -1972.242
34.1; 6569.389; 5397.768; -1972.107
34.12; 6569.399; 5397.769; -1971.958
34.14; 6569.408; 5397.77; -1971.8
34.16; 6569.418; 5397.771; -1971.63
34.18; 6569.428; 5397.771; -1971.45
34.2; 6569.438; 5397.771; -1971.261
34.22; 6569.448; 5397.772; -1971.064
34.24; 6569.457; 5397.772; -1970.858
34.26; 6569.467; 5397.772; -1970.646
34.28; 6569.477; 5397.772; -1970.426
34.3; 6569.486; 5397.773; -1970.202
34.32; 6569.495; 5397.774; -1969.971
34.34; 6569.505; 5397.774; -1969.735
34.36; 6569.513; 5397.773; -1969.495
34.38; 6569.523; 5397.774; -1969.252
34.4; 6569.531; 5397.773; -1969.006
34.42; 6569.54; 5397.774; -1968.76
34.44; 6569.549; 5397.773; -1968.512
34.46; 6569.558; 5397.773; -1968.265
34.48; 6569.565; 5397.773; -1968.017
34.5; 6569.573; 5397.773; -1967.773
34.52; 6569.581; 5397.772; -1967.53
34.54; 6569.588; 5397.772; -1967.291
34.56; 6569.595; 5397.772; -1967.053
34.58; 6569.601; 5397.771; -1966.821
34.6; 6569.608; 5397.77; -1966.595
34.62; 6569.614; 5397.77; -1966.374
34.64; 6569.619; 5397.769; -1966.16
34.66; 6569.623; 5397.768; -1965.952
34.68; 6569.626; 5397.768; -1965.754
34.7; 6569.63; 5397.767; -1965.564
34.72; 6569.632; 5397.766; -1965.38
34.74; 6569.634; 5397.766; -1965.208
34.76; 6569.636; 5397.765; -1965.045
34.78; 6569.637; 5397.763; -1964.893
34.8; 6569.636; 5397.763; -1964.751
34.82; 6569.635; 5397.761; -1964.619
34.84; 6569.633; 5397.76; -1964.5
34.86; 6569.631; 5397.759; -1964.394
34.88; 6569.626; 5397.757; -1964.258
34.9; 6569.619; 5397.756; -1964.152
34.92; 6569.607; 5397.752; -1964.042
34.94; 6569.566; 5397.745; -1964.138
34.96; 6569.553; 5397.744; -1964.239
34.98; 6569.541; 5397.742; -1964.371
35.0; 6569.533; 5397.741; -1964.476
35.02; 6569.523; 5397.741; -1964.593
35.04; 6569.515; 5397.74; -1964.722
35.06; 6569.506; 5397.74; -1964.864
35.08; 6569.497; 5397.74; -1965.016
35.1; 6569.489; 5397.739; -1965.181
35.12; 6569.479; 5397.739; -1965.355
35.14; 6569.469; 5397.739; -1965.538
35.16; 6569.46; 5397.739; -1965.73
35.18; 6569.451; 5397.738; -1965.93
35.2; 6569.442; 5397.739; -1966.139
35.22; 6569.433; 5397.738; -1966.355
35.24; 6569.424; 5397.738; -1966.576
35.26; 6569.414; 5397.739; -1966.803
35.28; 6569.406; 5397.739; -1967.036
35.3; 6569.395; 5397.739; -1967.271
35.32; 6569.386; 5397.739; -1967.511
35.34; 6569.378; 5397.739; -1967.752
35.36; 6569.368; 5397.74; -1967.995
35.38; 6569.36; 5397.739; -1968.239
35.4; 6569.352; 5397.739; -1968.482
35.42; 6569.344; 5397.739; -1968.726
35.44; 6569.337; 5397.739; -1968.969
35.46; 6569.328; 5397.74; -1969.211
35.48; 6569.321; 5397.74; -1969.45
35.5; 6569.315; 5397.74; -1969.686
35.52; 6569.309; 5397.74; -1969.917
35.54; 6569.303; 5397.741; -1970.144
35.56; 6569.299; 5397.741; -1970.366
35.58; 6569.295; 5397.741; -1970.582
35.6; 6569.29; 5397.742; -1970.791
35.62; 6569.288; 5397.743; -1970.994
35.64; 6569.285; 5397.743; -1971.189
35.66; 6569.284; 5397.744; -1971.377
35.68; 6569.283; 5397.745; -1971.555
35.7; 6569.282; 5397.747; -1971.725
35.72; 6569.282; 5397.748; -1971.884
35.74; 6569.284; 5397.748; -1972.032
35.76; 6569.285; 5397.75; -1972.17
35.78; 6569.288; 5397.75; -1972.296
35.8; 6569.29; 5397.752; -1972.411
35.82; 6569.295; 5397.753; -1972.513
35.84; 6569.3; 5397.754; -1972.644
35.86; 6569.306; 5397.756; -1972.747
35.88; 6569.319; 5397.759; -1972.852
35.9; 6569.356; 5397.764; -1972.756
35.92; 6569.369; 5397.766; -1972.619
35.94; 6569.381; 5397.767; -1972.483
35.96; 6569.389; 5397.768; -1972.376
35.98; 6569.398; 5397.768; -1972.257
36.0; 6569.405; 5397.769; -1972.128
36.02; 6569.414; 5397.77; -1971.986
36.04; 6569.422; 5397.77; -1971.835
36.06; 6569.431; 5397.771; -1971.674
36.08; 6569.439; 5397.772; -1971.503
36.1; 6569.45; 5397.772; -1971.322
36.12; 6569.458; 5397.772; -1971.134
36.14; 6569.467; 5397.773; -1970.939
36.16; 6569.476; 5397.773; -1970.734
36.18; 6569.486; 5397.774; -1970.523
36.2; 6569.496; 5397.774; -1970.306
36.22; 6569.504; 5397.774; -1970.084
36.24; 6569.514; 5397.775; -1969.857
36.26; 6569.523; 5397.775; -1969.625
36.28; 6569.532; 5397.775; -1969.391
36.3; 6569.54; 5397.775; -1969.152
36.32; 6569.548; 5397.775; -1968.912
36.34; 6569.556; 5397.775; -1968.669
36.36; 6569.563; 5397.775; -1968.426
36.38; 6569.571; 5397.774; -1968.183
36.4; 6569.577; 5397.774; -1967.94
36.42; 6569.583; 5397.773; -1967.699
36.44; 6569.589; 5397.772; -1967.46
36.46; 6569.594; 5397.772; -1967.224
36.48; 6569.598; 5397.77; -1966.991
36.5; 6569.602; 5397.769; -1966.762
36.52; 6569.605; 5397.769; -1966.539
36.54; 6569.608; 5397.768; -1966.322
36.56; 6569.61; 5397.766; -1966.109
36.58; 6569.611; 5397.765; -1965.905
36.6; 6569.612; 5397.763; -1965.709
36.62; 6569.612; 5397.762; -1965.522
36.64; 6569.611; 5397.761; -1965.343
36.66; 6569.611; 5397.759; -1965.174
36.68; 6569.61; 5397.758; -1965.015
36.7; 6569.608; 5397.756; -1964.866
36.72; 6569.606; 5397.755; -1964.731
36.74; 6569.604; 5397.754; -1964.606
36.76; 6569.6; 5397.753; -1964.493
36.78; 6569.597; 5397.751; -1964.392
36.8; 6569.592; 5397.749; -1964.268
36.82; 6569.584; 5397.747; -1964.149
36.84; 6569.535; 5397.74; -1964.255
36.86; 6569.523; 5397.738; -1964.373
36.88; 6569.512; 5397.737; -1964.521
36.9; 6569.503; 5397.737; -1964.635
36.92; 6569.495; 5397.736; -1964.761
36.94; 6569.487; 5397.736; -1964.899
36.96; 6569.478; 5397.735; -1965.045
36.98; 6569.469; 5397.735; -1965.205
37.0; 6569.46; 5397.734; -1965.372
37.02; 6569.45; 5397.734; -1965.55
37.04; 6569.441; 5397.734; -1965.737
37.06; 6569.432; 5397.733; -1965.932
37.08; 6569.423; 5397.733; -1966.134
37.1; 6569.414; 5397.733; -1966.344
37.12; 6569.405; 5397.733; -1966.561
37.14; 6569.396; 5397.733; -1966.782
37.16; 6569.389; 5397.733; -1967.009
37.18; 6569.379; 5397.733; -1967.24
37.2; 6569.372; 5397.733; -1967.475
37.22; 6569.365; 5397.734; -1967.713
37.24; 6569.358; 5397.734; -1967.953
37.26; 6569.351; 5397.735; -1968.195
37.28; 6569.345; 5397.735; -1968.438
37.3; 6569.34; 5397.736; -1968.682
37.32; 6569.334; 5397.737; -1968.923
37.34; 6569.33; 5397.737; -1969.164
37.36; 6569.325; 5397.738; -1969.402
37.38; 6569.322; 5397.739; -1969.638
37.4; 6569.318; 5397.74; -1969.869
37.42; 6569.316; 5397.741; -1970.097
37.44; 6569.314; 5397.742; -1970.319
37.46; 6569.312; 5397.743; -1970.535
37.48; 6569.31; 5397.744; -1970.744
37.5; 6569.309; 5397.745; -1970.947
37.52; 6569.309; 5397.746; -1971.141
37.54; 6569.309; 5397.747; -1971.326
37.56; 6569.309; 5397.748; -1971.503
37.58; 6569.309; 5397.75; -1971.671
37.6; 6569.311; 5397.75; -1971.828
37.62; 6569.311; 5397.751; -1971.974
37.64; 6569.313; 5397.752; -1972.11
37.66; 6569.316; 5397.753; -1972.234
37.68; 6569.318; 5397.754; -1972.346
37.7; 6569.321; 5397.755; -1972.448
37.72; 6569.326; 5397.756; -1972.576
37.74; 6569.331; 5397.758; -1972.676
37.76; 6569.341; 5397.76; -1972.778
37.78; 6569.382; 5397.766; -1972.667
37.8; 6569.393; 5397.768; -1972.565
37.82; 6569.405; 5397.768; -1972.435
37.84; 6569.413; 5397.769; -1972.334
37.86; 6569.422; 5397.77; -1972.221
37.88; 6569.43; 5397.772; -1972.097
37.9; 6569.439; 5397.772; -1971.961
37.92; 6569.447; 5397.773; -1971.816
37.94; 6569.456; 5397.774; -1971.66
37.96; 6569.465; 5397.774; -1971.494
37.98; 6569.473; 5397.775; -1971.319
38.0; 6569.482; 5397.775; -1971.135
38.02; 6569.491; 5397.775; -1970.943
38.04; 6569.498; 5397.776; -1970.743
38.06; 6569.506; 5397.775; -1970.535
38.08; 6569.513; 5397.776; -1970.321
38.1; 6569.521; 5397.775; -1970.101
38.12; 6569.528; 5397.775; -1969.875
38.14; 6569.534; 5397.775; -1969.645
38.16; 6569.54; 5397.775; -1969.411
38.18; 6569.546; 5397.774; -1969.175
38.2; 6569.552; 5397.774; -1968.934
38.22; 6569.557; 5397.773; -1968.693
38.24; 6569.561; 5397.772; -1968.451
38.26; 6569.566; 5397.771; -1968.208
38.28; 6569.57; 5397.77; -1967.967
38.3; 6569.573; 5397.769; -1967.727
38.32; 6569.576; 5397.768; -1967.489
38.34; 6569.579; 5397.767; -1967.254
38.36; 6569.582; 5397.765; -1967.023
38.38; 6569.585; 5397.764; -1966.797
38.4; 6569.587; 5397.763; -1966.575
38.42; 6569.588; 5397.761; -1966.36
38.44; 6569.59; 5397.76; -1966.152
38.46; 6569.59; 5397.759; -1965.95
38.48; 6569.591; 5397.758; -1965.758
38.5; 6569.591; 5397.757; -1965.573
38.52; 6569.592; 5397.756; -1965.399
38.54; 6569.591; 5397.754; -1965.23
38.56; 6569.59; 5397.753; -1965.075
38.58; 6569.589; 5397.752; -1964.931
38.6; 6569.587; 5397.75; -1964.796
38.62; 6569.585; 5397.749; -1964.673
38.64; 6569.583; 5397.748; -1964.562
38.66; 6569.577; 5397.746; -1964.419
38.68; 6569.571; 5397.745; -1964.303
38.7; 6569.562; 5397.742; -1964.195
38.72; 6569.51; 5397.734; -1964.292
38.74; 6569.498; 5397.732; -1964.403
38.76; 6569.487; 5397.731; -1964.545
38.78; 6569.478; 5397.73; -1964.655
38.8; 6569.47; 5397.73; -1964.776
38.82; 6569.462; 5397.73; -1964.91
38.84; 6569.454; 5397.729; -1965.054
38.86; 6569.447; 5397.728; -1965.208
38.88; 6569.44; 5397.728; -1965.375
38.9; 6569.432; 5397.729; -1965.551
38.92; 6569.425; 5397.728; -1965.735
38.94; 6569.418; 5397.729; -1965.927
38.96; 6569.412; 5397.729; -1966.129
38.98; 6569.405; 5397.729; -1966.337
39.0; 6569.398; 5397.73; -1966.552
39.02; 6569.393; 5397.73; -1966.773
39.04; 6569.387; 5397.731; -1966.999
39.06; 6569.381; 5397.732; -1967.227
39.08; 6569.376; 5397.733; -1967.462
39.1; 6569.371; 5397.734; -1967.699
39.12; 6569.366; 5397.735; -1967.937
39.14; 6569.361; 5397.735; -1968.177
39.16; 6569.358; 5397.736; -1968.418
39.18; 6569.354; 5397.737; -1968.658
39.2; 6569.35; 5397.738; -1968.897
39.22; 6569.346; 5397.739; -1969.134
39.24; 6569.343; 5397.74; -1969.369
39.26; 6569.34; 5397.741; -1969.601
39.28; 6569.337; 5397.741; -1969.828
39.3; 6569.334; 5397.742; -1970.051
39.32; 6569.332; 5397.744; -1970.269
39.34; 6569.331; 5397.744; -1970.48
39.36; 6569.329; 5397.745; -1970.686
39.38; 6569.328; 5397.747; -1970.885
39.4; 6569.328; 5397.747; -1971.076
39.42; 6569.327; 5397.748; -1971.258
39.44; 6569.327; 5397.75; -1971.432
39.46; 6569.328; 5397.75; -1971.598
39.48; 6569.33; 5397.751; -1971.754
39.5; 6569.332; 5397.752; -1971.898
39.52; 6569.334; 5397.753; -1972.033
39.54; 6569.337; 5397.754; -1972.158
39.56; 6569.34; 5397.756; -1972.273
39.58; 6569.344; 5397.757; -1972.374
39.6; 6569.35; 5397.759; -1972.507
39.62; 6569.356; 5397.76; -1972.61
39.64; 6569.371; 5397.763; -1972.721
39.66; 6569.416; 5397.771; -1972.602
39.68; 6569.426; 5397.772; -1972.495
39.7; 6569.437; 5397.773; -1972.36
39.72; 6569.443; 5397.774; -1972.254
39.74; 6569.45; 5397.774; -1972.137
39.76; 6569.456; 5397.775; -1972.008
39.78; 6569.463; 5397.775; -1971.869
39.8; 6569.469; 5397.775; -1971.72
39.82; 6569.476; 5397.775; -1971.559
39.84; 6569.482; 5397.775; -1971.391
39.86; 6569.487; 5397.776; -1971.212
39.88; 6569.493; 5397.775; -1971.025
39.9; 6569.499; 5397.775; -1970.83
39.92; 6569.505; 5397.775; -1970.628
39.94; 6569.51; 5397.775; -1970.419
39.96; 6569.516; 5397.774; -1970.204
39.98; 6569.521; 5397.774; -1969.985
40.0; 6569.525; 5397.773; -1969.76
