1,  6569.446,  5397.772,  -1968.414
2,  6569.440,  5397.754,  -1968.513
3,  6569.433,  5397.739,  -1968.619
4,  6569.426,  5397.739,  -1968.734
5,  6569.424,  5397.743,  -1968.838
6,  6569.428,  5397.753,  -1968.959
7,  6569.436,  5397.765,  -1969.097
8,  6569.443,  5397.772,  -1969.201
9,  6569.451,  5397.779,  -1969.308
10,  6569.463,  5397.783,  -1969.419
11,  6569.477,  5397.786,  -1969.536
12,  6569.491,  5397.787,  -1969.657
13,  6569.507,  5397.786,  -1969.779
14,  6569.523,  5397.784,  -1969.907
15,  6569.540,  5397.781,  -1970.042
16,  6569.557,  5397.777,  -1970.183
17,  6569.572,  5397.774,  -1970.331
18,  6569.588,  5397.771,  -1970.484
19,  6569.604,  5397.771,  -1970.640
20,  6569.619,  5397.772,  -1970.797
21,  6569.633,  5397.777,  -1970.958
22,  6569.644,  5397.783,  -1971.120
23,  6569.654,  5397.792,  -1971.286
24,  6569.663,  5397.802,  -1971.453
25,  6569.672,  5397.812,  -1971.615
26,  6569.679,  5397.821,  -1971.773
27,  6569.685,  5397.830,  -1971.927
28,  6569.695,  5397.838,  -1972.080
29,  6569.703,  5397.844,  -1972.229
30,  6569.710,  5397.847,  -1972.374
31,  6569.717,  5397.847,  -1972.514
32,  6569.724,  5397.846,  -1972.650
33,  6569.732,  5397.842,  -1972.782
34,  6569.740,  5397.838,  -1972.909
35,  6569.749,  5397.834,  -1973.034
36,  6569.757,  5397.830,  -1973.153
37,  6569.765,  5397.827,  -1973.271
38,  6569.772,  5397.826,  -1973.387
39,  6569.779,  5397.826,  -1973.503
40,  6569.788,  5397.828,  -1973.616
41,  6569.797,  5397.834,  -1973.724
42,  6569.806,  5397.839,  -1973.824
43,  6569.818,  5397.851,  -1973.962
44,  6569.830,  5397.864,  -1974.083
45,  6569.844,  5397.878,  -1974.206
46,  6569.865,  5397.889,  -1974.304
47,  6569.867,  5397.876,  -1974.183
48,  6569.856,  5397.871,  -1974.043
49,  6569.841,  5397.869,  -1973.903
50,  6569.829,  5397.870,  -1973.793
51,  6569.815,  5397.870,  -1973.671
52,  6569.800,  5397.871,  -1973.534
53,  6569.785,  5397.872,  -1973.383
54,  6569.770,  5397.872,  -1973.216
55,  6569.752,  5397.871,  -1973.035
56,  6569.734,  5397.870,  -1972.837
57,  6569.716,  5397.867,  -1972.628
58,  6569.695,  5397.863,  -1972.404
59,  6569.676,  5397.856,  -1972.167
60,  6569.656,  5397.848,  -1971.919
61,  6569.636,  5397.839,  -1971.662
62,  6569.617,  5397.830,  -1971.397
63,  6569.597,  5397.819,  -1971.124
64,  6569.577,  5397.809,  -1970.847
65,  6569.556,  5397.800,  -1970.565
66,  6569.534,  5397.792,  -1970.278
67,  6569.511,  5397.784,  -1969.985
68,  6569.490,  5397.779,  -1969.691
69,  6569.466,  5397.776,  -1969.391
70,  6569.443,  5397.773,  -1969.088
71,  6569.420,  5397.772,  -1968.783
72,  6569.397,  5397.771,  -1968.474
73,  6569.373,  5397.770,  -1968.165
74,  6569.349,  5397.768,  -1967.856
75,  6569.327,  5397.765,  -1967.545
76,  6569.304,  5397.761,  -1967.236
77,  6569.284,  5397.755,  -1966.928
78,  6569.263,  5397.748,  -1966.623
79,  6569.242,  5397.740,  -1966.324
80,  6569.221,  5397.731,  -1966.032
81,  6569.201,  5397.721,  -1965.747
82,  6569.181,  5397.711,  -1965.471
83,  6569.162,  5397.701,  -1965.205
84,  6569.144,  5397.692,  -1964.951
85,  6569.127,  5397.685,  -1964.710
86,  6569.110,  5397.679,  -1964.481
87,  6569.094,  5397.676,  -1964.267
88,  6569.080,  5397.673,  -1964.066
89,  6569.065,  5397.672,  -1963.879
90,  6569.054,  5397.672,  -1963.707
91,  6569.044,  5397.673,  -1963.548
92,  6569.036,  5397.675,  -1963.403
93,  6569.030,  5397.676,  -1963.273
94,  6569.025,  5397.677,  -1963.160
95,  6569.023,  5397.677,  -1963.022
96,  6569.025,  5397.675,  -1962.900
97,  6569.072,  5397.667,  -1962.991
98,  6569.089,  5397.670,  -1963.117
99,  6569.101,  5397.674,  -1963.224
100,  6569.115,  5397.680,  -1963.348
101,  6569.130,  5397.687,  -1963.487
102,  6569.144,  5397.694,  -1963.639
103,  6569.161,  5397.702,  -1963.805
104,  6569.177,  5397.709,  -1963.985
105,  6569.195,  5397.717,  -1964.178
106,  6569.214,  5397.723,  -1964.379
107,  6569.233,  5397.729,  -1964.593
108,  6569.252,  5397.735,  -1964.817
109,  6569.272,  5397.738,  -1965.052
110,  6569.293,  5397.740,  -1965.297
111,  6569.313,  5397.743,  -1965.555
112,  6569.334,  5397.745,  -1965.823
113,  6569.356,  5397.748,  -1966.100
114,  6569.379,  5397.751,  -1966.387
115,  6569.400,  5397.755,  -1966.680
116,  6569.421,  5397.761,  -1966.981
117,  6569.443,  5397.767,  -1967.288
118,  6569.464,  5397.774,  -1967.599
119,  6569.486,  5397.782,  -1967.910
120,  6569.508,  5397.791,  -1968.224
121,  6569.530,  5397.801,  -1968.539
122,  6569.553,  5397.810,  -1968.852
123,  6569.575,  5397.819,  -1969.163
124,  6569.598,  5397.827,  -1969.471
125,  6569.620,  5397.835,  -1969.776
126,  6569.642,  5397.841,  -1970.076
127,  6569.664,  5397.847,  -1970.371
128,  6569.685,  5397.851,  -1970.662
129,  6569.705,  5397.854,  -1970.944
130,  6569.724,  5397.857,  -1971.218
131,  6569.742,  5397.860,  -1971.488
132,  6569.758,  5397.861,  -1971.749
133,  6569.773,  5397.864,  -1972.001
134,  6569.786,  5397.866,  -1972.244
135,  6569.799,  5397.870,  -1972.476
136,  6569.809,  5397.873,  -1972.694
137,  6569.818,  5397.877,  -1972.899
138,  6569.826,  5397.881,  -1973.089
139,  6569.832,  5397.885,  -1973.265
140,  6569.837,  5397.889,  -1973.423
141,  6569.840,  5397.892,  -1973.565
142,  6569.842,  5397.895,  -1973.689
143,  6569.843,  5397.897,  -1973.797
144,  6569.843,  5397.898,  -1973.928
145,  6569.839,  5397.895,  -1974.045
146,  6569.783,  5397.862,  -1973.938
147,  6569.765,  5397.858,  -1973.816
148,  6569.752,  5397.855,  -1973.713
149,  6569.737,  5397.853,  -1973.594
150,  6569.722,  5397.851,  -1973.460
151,  6569.706,  5397.850,  -1973.310
152,  6569.690,  5397.848,  -1973.146
153,  6569.671,  5397.846,  -1972.965
154,  6569.653,  5397.843,  -1972.769
155,  6569.634,  5397.839,  -1972.560
156,  6569.614,  5397.835,  -1972.339
157,  6569.593,  5397.830,  -1972.106
158,  6569.571,  5397.823,  -1971.863
159,  6569.550,  5397.817,  -1971.612
160,  6569.526,  5397.809,  -1971.349
161,  6569.503,  5397.802,  -1971.081
162,  6569.478,  5397.795,  -1970.806
163,  6569.454,  5397.788,  -1970.523
164,  6569.428,  5397.781,  -1970.234
165,  6569.403,  5397.775,  -1969.938
166,  6569.377,  5397.770,  -1969.637
167,  6569.351,  5397.765,  -1969.329
168,  6569.327,  5397.761,  -1969.021
169,  6569.303,  5397.756,  -1968.708
170,  6569.278,  5397.752,  -1968.392
171,  6569.256,  5397.747,  -1968.075
172,  6569.234,  5397.743,  -1967.759
173,  6569.213,  5397.738,  -1967.445
174,  6569.193,  5397.733,  -1967.134
175,  6569.175,  5397.726,  -1966.828
176,  6569.157,  5397.720,  -1966.528
177,  6569.141,  5397.713,  -1966.235
178,  6569.125,  5397.707,  -1965.952
179,  6569.111,  5397.701,  -1965.678
180,  6569.099,  5397.695,  -1965.415
181,  6569.088,  5397.690,  -1965.164
182,  6569.079,  5397.685,  -1964.924
183,  6569.069,  5397.681,  -1964.695
184,  6569.063,  5397.679,  -1964.480
185,  6569.057,  5397.677,  -1964.276
186,  6569.053,  5397.677,  -1964.085
187,  6569.051,  5397.676,  -1963.906
188,  6569.050,  5397.677,  -1963.740
189,  6569.051,  5397.678,  -1963.588
190,  6569.053,  5397.679,  -1963.449
191,  6569.056,  5397.679,  -1963.326
192,  6569.061,  5397.680,  -1963.219
193,  6569.070,  5397.680,  -1963.089
194,  6569.085,  5397.680,  -1962.976
195,  6569.148,  5397.684,  -1963.073
196,  6569.170,  5397.688,  -1963.194
197,  6569.185,  5397.692,  -1963.295
198,  6569.201,  5397.697,  -1963.413
199,  6569.218,  5397.702,  -1963.544
200,  6569.237,  5397.708,  -1963.690
201,  6569.256,  5397.714,  -1963.850
202,  6569.276,  5397.720,  -1964.026
203,  6569.297,  5397.725,  -1964.214
204,  6569.319,  5397.731,  -1964.416
205,  6569.342,  5397.736,  -1964.632
206,  6569.366,  5397.742,  -1964.862
207,  6569.391,  5397.746,  -1965.104
208,  6569.414,  5397.750,  -1965.359
209,  6569.439,  5397.755,  -1965.626
210,  6569.463,  5397.760,  -1965.903
211,  6569.488,  5397.765,  -1966.189
212,  6569.513,  5397.770,  -1966.483
213,  6569.537,  5397.776,  -1966.782
214,  6569.561,  5397.782,  -1967.086
215,  6569.584,  5397.789,  -1967.394
216,  6569.608,  5397.796,  -1967.704
217,  6569.629,  5397.803,  -1968.014
218,  6569.652,  5397.811,  -1968.323
219,  6569.672,  5397.817,  -1968.631
220,  6569.691,  5397.824,  -1968.937
221,  6569.711,  5397.830,  -1969.241
222,  6569.729,  5397.836,  -1969.541
223,  6569.746,  5397.840,  -1969.837
224,  6569.760,  5397.845,  -1970.129
225,  6569.774,  5397.847,  -1970.415
226,  6569.785,  5397.850,  -1970.696
227,  6569.797,  5397.852,  -1970.971
228,  6569.805,  5397.854,  -1971.239
229,  6569.813,  5397.856,  -1971.500
230,  6569.820,  5397.857,  -1971.752
231,  6569.826,  5397.858,  -1971.994
232,  6569.829,  5397.860,  -1972.226
233,  6569.831,  5397.862,  -1972.447
234,  6569.834,  5397.863,  -1972.654
235,  6569.834,  5397.865,  -1972.848
236,  6569.834,  5397.868,  -1973.029
237,  6569.833,  5397.870,  -1973.194
238,  6569.831,  5397.872,  -1973.345
239,  6569.828,  5397.873,  -1973.481
240,  6569.825,  5397.874,  -1973.603
241,  6569.821,  5397.875,  -1973.711
242,  6569.814,  5397.874,  -1973.845
243,  6569.805,  5397.872,  -1973.947
244,  6569.781,  5397.864,  -1974.050
245,  6569.731,  5397.851,  -1973.963
246,  6569.707,  5397.847,  -1973.860
247,  6569.682,  5397.842,  -1973.717
248,  6569.664,  5397.839,  -1973.599
249,  6569.644,  5397.836,  -1973.464
250,  6569.623,  5397.832,  -1973.313
251,  6569.602,  5397.829,  -1973.147
252,  6569.579,  5397.825,  -1972.965
253,  6569.556,  5397.820,  -1972.769
254,  6569.532,  5397.815,  -1972.561
255,  6569.508,  5397.809,  -1972.340
256,  6569.483,  5397.802,  -1972.109
257,  6569.458,  5397.796,  -1971.869
258,  6569.434,  5397.789,  -1971.621
259,  6569.408,  5397.782,  -1971.362
260,  6569.384,  5397.775,  -1971.098
261,  6569.359,  5397.769,  -1970.824
262,  6569.335,  5397.762,  -1970.543
263,  6569.312,  5397.756,  -1970.257
264,  6569.289,  5397.751,  -1969.964
265,  6569.267,  5397.746,  -1969.666
266,  6569.248,  5397.741,  -1969.363
267,  6569.228,  5397.737,  -1969.057
268,  6569.211,  5397.733,  -1968.750
269,  6569.194,  5397.729,  -1968.440
270,  6569.178,  5397.725,  -1968.131
271,  6569.164,  5397.720,  -1967.823
272,  6569.151,  5397.716,  -1967.518
273,  6569.138,  5397.712,  -1967.217
274,  6569.127,  5397.707,  -1966.920
275,  6569.116,  5397.703,  -1966.629
276,  6569.106,  5397.699,  -1966.345
277,  6569.098,  5397.694,  -1966.068
278,  6569.091,  5397.690,  -1965.799
279,  6569.084,  5397.686,  -1965.539
280,  6569.078,  5397.682,  -1965.286
281,  6569.074,  5397.679,  -1965.044
282,  6569.070,  5397.677,  -1964.811
283,  6569.067,  5397.674,  -1964.586
284,  6569.066,  5397.673,  -1964.373
285,  6569.066,  5397.672,  -1964.170
286,  6569.066,  5397.672,  -1963.979
287,  6569.069,  5397.671,  -1963.802
288,  6569.072,  5397.671,  -1963.638
289,  6569.078,  5397.671,  -1963.490
290,  6569.083,  5397.671,  -1963.357
291,  6569.091,  5397.671,  -1963.241
292,  6569.103,  5397.672,  -1963.103
293,  6569.124,  5397.673,  -1962.982
294,  6569.218,  5397.687,  -1963.063
295,  6569.249,  5397.694,  -1963.180
296,  6569.270,  5397.699,  -1963.279
297,  6569.293,  5397.705,  -1963.395
298,  6569.316,  5397.711,  -1963.524
299,  6569.340,  5397.717,  -1963.669
300,  6569.364,  5397.724,  -1963.829
301,  6569.389,  5397.730,  -1964.003
302,  6569.414,  5397.736,  -1964.193
303,  6569.438,  5397.742,  -1964.395
304,  6569.462,  5397.747,  -1964.612
305,  6569.486,  5397.753,  -1964.841
306,  6569.510,  5397.758,  -1965.083
307,  6569.533,  5397.763,  -1965.335
308,  6569.556,  5397.768,  -1965.598
309,  6569.576,  5397.773,  -1965.867
310,  6569.597,  5397.778,  -1966.145
311,  6569.618,  5397.783,  -1966.429
312,  6569.637,  5397.788,  -1966.716
313,  6569.656,  5397.793,  -1967.008
314,  6569.674,  5397.799,  -1967.302
315,  6569.691,  5397.804,  -1967.599
316,  6569.707,  5397.810,  -1967.898
317,  6569.723,  5397.815,  -1968.197
318,  6569.738,  5397.819,  -1968.495
319,  6569.751,  5397.825,  -1968.796
320,  6569.765,  5397.829,  -1969.094
321,  6569.777,  5397.832,  -1969.391
322,  6569.788,  5397.836,  -1969.687
323,  6569.799,  5397.839,  -1969.980
324,  6569.808,  5397.841,  -1970.270
325,  6569.816,  5397.843,  -1970.556
326,  6569.824,  5397.845,  -1970.838
327,  6569.830,  5397.847,  -1971.111
328,  6569.836,  5397.849,  -1971.379
329,  6569.840,  5397.851,  -1971.637
330,  6569.844,  5397.852,  -1971.885
331,  6569.846,  5397.854,  -1972.124
332,  6569.847,  5397.856,  -1972.350
333,  6569.848,  5397.857,  -1972.561
334,  6569.847,  5397.859,  -1972.761
335,  6569.845,  5397.860,  -1972.947
336,  6569.841,  5397.861,  -1973.116
337,  6569.835,  5397.862,  -1973.273
338,  6569.829,  5397.862,  -1973.415
339,  6569.822,  5397.861,  -1973.541
340,  6569.812,  5397.860,  -1973.654
341,  6569.796,  5397.858,  -1973.796
342,  6569.775,  5397.854,  -1973.902
343,  6569.735,  5397.845,  -1973.999
344,  6569.656,  5397.829,  -1973.932
345,  6569.623,  5397.823,  -1973.836
346,  6569.590,  5397.817,  -1973.702
347,  6569.568,  5397.813,  -1973.592
348,  6569.545,  5397.809,  -1973.467
349,  6569.523,  5397.805,  -1973.328
350,  6569.500,  5397.801,  -1973.174
351,  6569.478,  5397.797,  -1973.007
352,  6569.456,  5397.792,  -1972.828
353,  6569.433,  5397.787,  -1972.636
354,  6569.411,  5397.782,  -1972.435
355,  6569.390,  5397.776,  -1972.223
356,  6569.367,  5397.771,  -1972.001
357,  6569.347,  5397.766,  -1971.769
358,  6569.327,  5397.760,  -1971.528
359,  6569.307,  5397.755,  -1971.276
360,  6569.288,  5397.750,  -1971.017
361,  6569.269,  5397.745,  -1970.747
362,  6569.250,  5397.740,  -1970.469
363,  6569.233,  5397.736,  -1970.185
364,  6569.217,  5397.732,  -1969.893
365,  6569.201,  5397.728,  -1969.596
366,  6569.186,  5397.724,  -1969.294
367,  6569.171,  5397.720,  -1968.989
368,  6569.158,  5397.716,  -1968.681
369,  6569.143,  5397.713,  -1968.373
370,  6569.132,  5397.708,  -1968.066
371,  6569.120,  5397.704,  -1967.760
372,  6569.109,  5397.700,  -1967.455
373,  6569.098,  5397.695,  -1967.155
374,  6569.089,  5397.691,  -1966.859
375,  6569.080,  5397.687,  -1966.568
376,  6569.073,  5397.683,  -1966.283
377,  6569.068,  5397.679,  -1966.006
378,  6569.063,  5397.677,  -1965.736
379,  6569.060,  5397.674,  -1965.474
380,  6569.058,  5397.672,  -1965.219
381,  6569.058,  5397.670,  -1964.974
382,  6569.060,  5397.669,  -1964.740
383,  6569.064,  5397.668,  -1964.516
384,  6569.070,  5397.668,  -1964.305
385,  6569.077,  5397.668,  -1964.107
386,  6569.085,  5397.669,  -1963.923
387,  6569.094,  5397.670,  -1963.755
388,  6569.105,  5397.671,  -1963.600
389,  6569.117,  5397.673,  -1963.466
390,  6569.132,  5397.675,  -1963.349
391,  6569.147,  5397.676,  -1963.248
392,  6569.169,  5397.680,  -1963.131
393,  6569.206,  5397.686,  -1963.035
394,  6569.309,  5397.705,  -1963.089
395,  6569.353,  5397.715,  -1963.221
396,  6569.387,  5397.722,  -1963.360
397,  6569.410,  5397.727,  -1963.473
398,  6569.432,  5397.733,  -1963.600
399,  6569.454,  5397.738,  -1963.743
400,  6569.476,  5397.743,  -1963.901
401,  6569.497,  5397.748,  -1964.075
402,  6569.518,  5397.753,  -1964.263
403,  6569.540,  5397.757,  -1964.464
404,  6569.560,  5397.762,  -1964.680
405,  6569.580,  5397.767,  -1964.908
406,  6569.600,  5397.771,  -1965.146
407,  6569.619,  5397.776,  -1965.397
408,  6569.639,  5397.780,  -1965.656
409,  6569.657,  5397.785,  -1965.923
410,  6569.676,  5397.790,  -1966.197
411,  6569.694,  5397.795,  -1966.478
412,  6569.712,  5397.800,  -1966.763
413,  6569.729,  5397.806,  -1967.054
414,  6569.745,  5397.811,  -1967.349
415,  6569.762,  5397.817,  -1967.649
416,  6569.777,  5397.821,  -1967.950
417,  6569.791,  5397.826,  -1968.253
418,  6569.804,  5397.830,  -1968.557
419,  6569.816,  5397.835,  -1968.864
420,  6569.827,  5397.838,  -1969.168
421,  6569.836,  5397.842,  -1969.473
422,  6569.844,  5397.844,  -1969.774
423,  6569.851,  5397.846,  -1970.071
424,  6569.855,  5397.848,  -1970.362
425,  6569.859,  5397.849,  -1970.649
426,  6569.862,  5397.851,  -1970.927
427,  6569.862,  5397.853,  -1971.197
428,  6569.860,  5397.854,  -1971.457
429,  6569.858,  5397.855,  -1971.706
430,  6569.854,  5397.856,  -1971.944
431,  6569.848,  5397.856,  -1972.170
432,  6569.840,  5397.857,  -1972.383
433,  6569.832,  5397.856,  -1972.583
434,  6569.822,  5397.856,  -1972.771
435,  6569.810,  5397.855,  -1972.945
436,  6569.799,  5397.854,  -1973.106
437,  6569.785,  5397.852,  -1973.255
438,  6569.770,  5397.850,  -1973.389
439,  6569.754,  5397.847,  -1973.510
440,  6569.737,  5397.845,  -1973.619
441,  6569.710,  5397.840,  -1973.754
442,  6569.683,  5397.835,  -1973.854
443,  6569.633,  5397.826,  -1973.942
444,  6569.552,  5397.812,  -1973.866
445,  6569.521,  5397.808,  -1973.770
446,  6569.490,  5397.803,  -1973.639
447,  6569.469,  5397.799,  -1973.532
448,  6569.448,  5397.795,  -1973.409
449,  6569.428,  5397.792,  -1973.275
450,  6569.406,  5397.788,  -1973.125
451,  6569.385,  5397.783,  -1972.961
452,  6569.364,  5397.778,  -1972.785
453,  6569.342,  5397.773,  -1972.597
454,  6569.321,  5397.769,  -1972.397
455,  6569.299,  5397.764,  -1972.182
456,  6569.278,  5397.759,  -1971.956
457,  6569.258,  5397.754,  -1971.720
458,  6569.237,  5397.749,  -1971.470
459,  6569.217,  5397.744,  -1971.211
460,  6569.198,  5397.739,  -1970.941
461,  6569.180,  5397.734,  -1970.662
462,  6569.163,  5397.730,  -1970.376
463,  6569.147,  5397.726,  -1970.083
464,  6569.131,  5397.722,  -1969.785
465,  6569.116,  5397.717,  -1969.482
466,  6569.103,  5397.713,  -1969.178
467,  6569.092,  5397.709,  -1968.872
468,  6569.080,  5397.705,  -1968.566
469,  6569.071,  5397.701,  -1968.260
470,  6569.063,  5397.697,  -1967.956
471,  6569.057,  5397.694,  -1967.656
472,  6569.051,  5397.690,  -1967.357
473,  6569.048,  5397.687,  -1967.064
474,  6569.046,  5397.684,  -1966.775
475,  6569.046,  5397.682,  -1966.492
476,  6569.048,  5397.680,  -1966.215
477,  6569.051,  5397.679,  -1965.944
478,  6569.057,  5397.678,  -1965.682
479,  6569.063,  5397.678,  -1965.425
480,  6569.071,  5397.678,  -1965.179
481,  6569.080,  5397.678,  -1964.940
482,  6569.090,  5397.678,  -1964.713
483,  6569.102,  5397.679,  -1964.498
484,  6569.115,  5397.680,  -1964.294
485,  6569.127,  5397.682,  -1964.105
486,  6569.142,  5397.683,  -1963.930
487,  6569.157,  5397.684,  -1963.770
488,  6569.173,  5397.685,  -1963.624
489,  6569.189,  5397.687,  -1963.495
490,  6569.205,  5397.690,  -1963.382
491,  6569.232,  5397.692,  -1963.241
492,  6569.260,  5397.696,  -1963.137
493,  6569.308,  5397.703,  -1963.042
494,  6569.393,  5397.719,  -1963.101
495,  6569.437,  5397.729,  -1963.232
496,  6569.471,  5397.736,  -1963.375
497,  6569.494,  5397.740,  -1963.492
498,  6569.516,  5397.745,  -1963.627
499,  6569.538,  5397.750,  -1963.777
500,  6569.561,  5397.755,  -1963.944
501,  6569.583,  5397.761,  -1964.128
502,  6569.605,  5397.765,  -1964.324
503,  6569.627,  5397.771,  -1964.536
504,  6569.649,  5397.776,  -1964.760
505,  6569.669,  5397.782,  -1964.994
506,  6569.690,  5397.787,  -1965.238
507,  6569.710,  5397.792,  -1965.492
508,  6569.728,  5397.798,  -1965.753
509,  6569.745,  5397.803,  -1966.022
510,  6569.762,  5397.808,  -1966.298
511,  6569.778,  5397.813,  -1966.580
512,  6569.793,  5397.818,  -1966.865
513,  6569.806,  5397.822,  -1967.155
514,  6569.818,  5397.826,  -1967.450
515,  6569.828,  5397.830,  -1967.748
516,  6569.836,  5397.834,  -1968.047
517,  6569.843,  5397.836,  -1968.349
518,  6569.848,  5397.839,  -1968.651
519,  6569.851,  5397.841,  -1968.952
520,  6569.853,  5397.843,  -1969.251
521,  6569.854,  5397.844,  -1969.548
522,  6569.852,  5397.845,  -1969.840
523,  6569.849,  5397.847,  -1970.129
524,  6569.845,  5397.848,  -1970.411
525,  6569.840,  5397.849,  -1970.686
526,  6569.833,  5397.849,  -1970.954
527,  6569.827,  5397.849,  -1971.213
528,  6569.819,  5397.850,  -1971.464
529,  6569.810,  5397.849,  -1971.704
530,  6569.800,  5397.849,  -1971.935
531,  6569.789,  5397.849,  -1972.156
532,  6569.776,  5397.848,  -1972.367
533,  6569.764,  5397.847,  -1972.567
534,  6569.751,  5397.846,  -1972.755
535,  6569.736,  5397.845,  -1972.932
536,  6569.721,  5397.843,  -1973.098
537,  6569.706,  5397.841,  -1973.250
538,  6569.689,  5397.838,  -1973.389
539,  6569.671,  5397.835,  -1973.513
540,  6569.654,  5397.833,  -1973.624
541,  6569.626,  5397.829,  -1973.760
542,  6569.596,  5397.825,  -1973.857
543,  6569.534,  5397.816,  -1973.936
544,  6569.467,  5397.805,  -1973.858
545,  6569.434,  5397.798,  -1973.763
546,  6569.398,  5397.792,  -1973.633
547,  6569.375,  5397.787,  -1973.526
548,  6569.350,  5397.782,  -1973.405
549,  6569.327,  5397.778,  -1973.271
550,  6569.304,  5397.772,  -1973.122
551,  6569.281,  5397.767,  -1972.958
552,  6569.258,  5397.762,  -1972.782
553,  6569.236,  5397.757,  -1972.593
554,  6569.215,  5397.753,  -1972.392
555,  6569.195,  5397.748,  -1972.177
556,  6569.177,  5397.743,  -1971.951
557,  6569.158,  5397.739,  -1971.714
558,  6569.142,  5397.735,  -1971.466
559,  6569.127,  5397.730,  -1971.208
560,  6569.113,  5397.727,  -1970.943
561,  6569.100,  5397.723,  -1970.669
562,  6569.089,  5397.719,  -1970.390
563,  6569.079,  5397.716,  -1970.105
564,  6569.072,  5397.712,  -1969.816
565,  6569.064,  5397.709,  -1969.524
566,  6569.058,  5397.706,  -1969.230
567,  6569.054,  5397.703,  -1968.935
568,  6569.051,  5397.700,  -1968.639
569,  6569.049,  5397.698,  -1968.342
570,  6569.049,  5397.695,  -1968.045
571,  6569.049,  5397.693,  -1967.749
572,  6569.052,  5397.691,  -1967.456
573,  6569.055,  5397.689,  -1967.165
574,  6569.059,  5397.687,  -1966.875
575,  6569.065,  5397.687,  -1966.590
576,  6569.072,  5397.686,  -1966.310
577,  6569.079,  5397.685,  -1966.033
578,  6569.088,  5397.685,  -1965.765
579,  6569.098,  5397.685,  -1965.503
580,  6569.108,  5397.685,  -1965.250
581,  6569.120,  5397.685,  -1965.006
582,  6569.133,  5397.685,  -1964.774
583,  6569.146,  5397.685,  -1964.552
584,  6569.160,  5397.686,  -1964.346
585,  6569.176,  5397.686,  -1964.152
586,  6569.192,  5397.687,  -1963.972
587,  6569.209,  5397.688,  -1963.808
588,  6569.228,  5397.689,  -1963.659
589,  6569.246,  5397.691,  -1963.526
590,  6569.266,  5397.693,  -1963.408
591,  6569.286,  5397.696,  -1963.307
592,  6569.320,  5397.700,  -1963.186
593,  6569.366,  5397.708,  -1963.081
594,  6569.465,  5397.726,  -1963.073
595,  6569.516,  5397.736,  -1963.175
596,  6569.554,  5397.743,  -1963.295
597,  6569.578,  5397.748,  -1963.399
598,  6569.602,  5397.753,  -1963.518
599,  6569.625,  5397.758,  -1963.654
600,  6569.647,  5397.763,  -1963.804
601,  6569.669,  5397.768,  -1963.970
602,  6569.689,  5397.772,  -1964.149
603,  6569.709,  5397.777,  -1964.340
604,  6569.727,  5397.782,  -1964.544
605,  6569.745,  5397.786,  -1964.760
606,  6569.761,  5397.791,  -1964.984
607,  6569.777,  5397.795,  -1965.217
608,  6569.792,  5397.799,  -1965.460
609,  6569.804,  5397.803,  -1965.710
610,  6569.815,  5397.807,  -1965.969
611,  6569.825,  5397.811,  -1966.236
612,  6569.836,  5397.814,  -1966.509
613,  6569.843,  5397.817,  -1966.788
614,  6569.849,  5397.820,  -1967.073
615,  6569.855,  5397.822,  -1967.364
616,  6569.858,  5397.825,  -1967.659
617,  6569.861,  5397.827,  -1967.958
618,  6569.862,  5397.828,  -1968.257
619,  6569.862,  5397.831,  -1968.560
620,  6569.862,  5397.832,  -1968.862
621,  6569.858,  5397.834,  -1969.161
622,  6569.856,  5397.835,  -1969.460
623,  6569.852,  5397.836,  -1969.754
624,  6569.846,  5397.838,  -1970.044
625,  6569.840,  5397.839,  -1970.329
626,  6569.833,  5397.839,  -1970.607
627,  6569.826,  5397.840,  -1970.878
628,  6569.817,  5397.840,  -1971.142
629,  6569.806,  5397.840,  -1971.396
630,  6569.795,  5397.841,  -1971.643
631,  6569.783,  5397.839,  -1971.879
632,  6569.769,  5397.839,  -1972.106
633,  6569.753,  5397.838,  -1972.322
634,  6569.737,  5397.836,  -1972.527
635,  6569.720,  5397.834,  -1972.721
636,  6569.701,  5397.832,  -1972.902
637,  6569.681,  5397.830,  -1973.069
638,  6569.660,  5397.827,  -1973.222
639,  6569.639,  5397.824,  -1973.359
640,  6569.616,  5397.821,  -1973.482
641,  6569.593,  5397.818,  -1973.588
642,  6569.556,  5397.813,  -1973.717
643,  6569.508,  5397.806,  -1973.829
644,  6569.410,  5397.790,  -1973.855
645,  6569.349,  5397.779,  -1973.743
646,  6569.314,  5397.772,  -1973.632
647,  6569.280,  5397.766,  -1973.489
648,  6569.259,  5397.762,  -1973.378
649,  6569.238,  5397.758,  -1973.252
650,  6569.219,  5397.754,  -1973.112
651,  6569.200,  5397.750,  -1972.957
652,  6569.183,  5397.747,  -1972.788
653,  6569.166,  5397.743,  -1972.606
654,  6569.152,  5397.740,  -1972.412
655,  6569.137,  5397.736,  -1972.204
656,  6569.124,  5397.733,  -1971.984
657,  6569.112,  5397.730,  -1971.752
658,  6569.101,  5397.727,  -1971.510
659,  6569.091,  5397.724,  -1971.257
660,  6569.082,  5397.721,  -1970.996
661,  6569.074,  5397.718,  -1970.728
662,  6569.067,  5397.715,  -1970.451
663,  6569.060,  5397.712,  -1970.171
664,  6569.056,  5397.709,  -1969.886
665,  6569.051,  5397.706,  -1969.595
666,  6569.049,  5397.703,  -1969.301
667,  6569.046,  5397.701,  -1969.006
668,  6569.045,  5397.698,  -1968.707
669,  6569.046,  5397.696,  -1968.407
670,  6569.048,  5397.694,  -1968.107
671,  6569.051,  5397.692,  -1967.806
672,  6569.056,  5397.690,  -1967.508
673,  6569.061,  5397.690,  -1967.211
674,  6569.068,  5397.688,  -1966.916
675,  6569.077,  5397.688,  -1966.627
676,  6569.087,  5397.688,  -1966.343
677,  6569.098,  5397.688,  -1966.065
678,  6569.110,  5397.688,  -1965.795
679,  6569.125,  5397.688,  -1965.534
680,  6569.140,  5397.689,  -1965.282
681,  6569.157,  5397.690,  -1965.042
682,  6569.175,  5397.691,  -1964.815
683,  6569.193,  5397.692,  -1964.600
684,  6569.213,  5397.694,  -1964.398
685,  6569.234,  5397.696,  -1964.211
686,  6569.255,  5397.698,  -1964.036
687,  6569.277,  5397.701,  -1963.876
688,  6569.301,  5397.704,  -1963.730
689,  6569.325,  5397.707,  -1963.600
690,  6569.349,  5397.711,  -1963.483
691,  6569.374,  5397.715,  -1963.382
692,  6569.410,  5397.722,  -1963.257
693,  6569.460,  5397.730,  -1963.145
694,  6569.556,  5397.748,  -1963.121
695,  6569.600,  5397.757,  -1963.212
696,  6569.631,  5397.763,  -1963.324
697,  6569.661,  5397.769,  -1963.474
698,  6569.679,  5397.773,  -1963.593
699,  6569.697,  5397.777,  -1963.728
700,  6569.714,  5397.781,  -1963.877
701,  6569.731,  5397.785,  -1964.041
702,  6569.746,  5397.789,  -1964.217
703,  6569.761,  5397.793,  -1964.406
704,  6569.775,  5397.797,  -1964.608
705,  6569.788,  5397.802,  -1964.822
706,  6569.800,  5397.806,  -1965.047
707,  6569.811,  5397.810,  -1965.281
708,  6569.823,  5397.813,  -1965.526
709,  6569.832,  5397.816,  -1965.780
710,  6569.840,  5397.820,  -1966.045
711,  6569.848,  5397.824,  -1966.319
712,  6569.854,  5397.826,  -1966.599
713,  6569.858,  5397.829,  -1966.886
714,  6569.861,  5397.831,  -1967.179
715,  6569.863,  5397.834,  -1967.476
716,  6569.864,  5397.835,  -1967.776
717,  6569.864,  5397.838,  -1968.080
718,  6569.861,  5397.839,  -1968.382
719,  6569.858,  5397.841,  -1968.685
720,  6569.852,  5397.842,  -1968.985
721,  6569.845,  5397.844,  -1969.283
722,  6569.837,  5397.844,  -1969.576
723,  6569.829,  5397.844,  -1969.864
724,  6569.818,  5397.844,  -1970.147
725,  6569.806,  5397.844,  -1970.424
726,  6569.793,  5397.843,  -1970.694
727,  6569.778,  5397.843,  -1970.957
728,  6569.762,  5397.841,  -1971.211
729,  6569.745,  5397.839,  -1971.458
730,  6569.726,  5397.837,  -1971.698
731,  6569.707,  5397.834,  -1971.925
732,  6569.686,  5397.832,  -1972.145
733,  6569.664,  5397.830,  -1972.355
734,  6569.643,  5397.826,  -1972.552
735,  6569.620,  5397.823,  -1972.736
736,  6569.597,  5397.819,  -1972.909
737,  6569.573,  5397.817,  -1973.069
738,  6569.549,  5397.814,  -1973.214
739,  6569.526,  5397.810,  -1973.344
740,  6569.502,  5397.807,  -1973.459
741,  6569.479,  5397.803,  -1973.558
742,  6569.445,  5397.799,  -1973.680
743,  6569.399,  5397.793,  -1973.787
744,  6569.301,  5397.778,  -1973.806
745,  6569.251,  5397.768,  -1973.681
746,  6569.221,  5397.763,  -1973.562
747,  6569.202,  5397.760,  -1973.463
748,  6569.185,  5397.756,  -1973.348
749,  6569.167,  5397.754,  -1973.218
750,  6569.151,  5397.750,  -1973.072
751,  6569.135,  5397.747,  -1972.910
752,  6569.120,  5397.744,  -1972.735
753,  6569.106,  5397.741,  -1972.544
754,  6569.092,  5397.738,  -1972.340
755,  6569.079,  5397.736,  -1972.124
756,  6569.069,  5397.733,  -1971.896
757,  6569.057,  5397.730,  -1971.658
758,  6569.048,  5397.727,  -1971.409
759,  6569.041,  5397.724,  -1971.153
760,  6569.034,  5397.722,  -1970.889
761,  6569.029,  5397.719,  -1970.619
762,  6569.025,  5397.716,  -1970.344
763,  6569.021,  5397.714,  -1970.062
764,  6569.021,  5397.711,  -1969.777
765,  6569.022,  5397.710,  -1969.488
766,  6569.025,  5397.708,  -1969.197
767,  6569.028,  5397.707,  -1968.903
768,  6569.034,  5397.706,  -1968.607
769,  6569.042,  5397.705,  -1968.311
770,  6569.050,  5397.705,  -1968.014
771,  6569.061,  5397.705,  -1967.718
772,  6569.072,  5397.706,  -1967.424
773,  6569.085,  5397.706,  -1967.133
774,  6569.100,  5397.707,  -1966.845
775,  6569.117,  5397.708,  -1966.565
776,  6569.133,  5397.710,  -1966.290
777,  6569.151,  5397.711,  -1966.021
778,  6569.170,  5397.712,  -1965.762
779,  6569.190,  5397.714,  -1965.511
780,  6569.210,  5397.715,  -1965.270
781,  6569.230,  5397.717,  -1965.040
782,  6569.252,  5397.719,  -1964.819
783,  6569.274,  5397.721,  -1964.611
784,  6569.296,  5397.723,  -1964.413
785,  6569.319,  5397.725,  -1964.229
786,  6569.342,  5397.727,  -1964.056
787,  6569.364,  5397.730,  -1963.896
788,  6569.387,  5397.733,  -1963.749
789,  6569.411,  5397.736,  -1963.617
790,  6569.433,  5397.740,  -1963.498
791,  6569.456,  5397.743,  -1963.395
792,  6569.491,  5397.748,  -1963.269
793,  6569.537,  5397.755,  -1963.160
794,  6569.645,  5397.773,  -1963.199
795,  6569.675,  5397.779,  -1963.297
796,  6569.704,  5397.785,  -1963.433
797,  6569.723,  5397.788,  -1963.544
798,  6569.742,  5397.792,  -1963.671
799,  6569.758,  5397.797,  -1963.813
800,  6569.775,  5397.801,  -1963.969
801,  6569.790,  5397.805,  -1964.138
802,  6569.804,  5397.809,  -1964.319
803,  6569.818,  5397.813,  -1964.514
804,  6569.829,  5397.818,  -1964.721
805,  6569.841,  5397.821,  -1964.940
806,  6569.850,  5397.824,  -1965.169
807,  6569.857,  5397.827,  -1965.408
808,  6569.864,  5397.830,  -1965.658
809,  6569.868,  5397.832,  -1965.916
810,  6569.871,  5397.834,  -1966.183
811,  6569.872,  5397.835,  -1966.457
812,  6569.871,  5397.837,  -1966.737
813,  6569.869,  5397.838,  -1967.022
814,  6569.865,  5397.839,  -1967.310
815,  6569.858,  5397.840,  -1967.603
816,  6569.851,  5397.841,  -1967.897
817,  6569.843,  5397.841,  -1968.191
818,  6569.833,  5397.841,  -1968.484
819,  6569.823,  5397.841,  -1968.777
820,  6569.810,  5397.841,  -1969.067
821,  6569.798,  5397.841,  -1969.356
822,  6569.782,  5397.840,  -1969.640
823,  6569.768,  5397.839,  -1969.921
824,  6569.752,  5397.838,  -1970.199
825,  6569.735,  5397.836,  -1970.471
826,  6569.716,  5397.835,  -1970.738
827,  6569.697,  5397.832,  -1970.999
828,  6569.679,  5397.830,  -1971.254
829,  6569.659,  5397.827,  -1971.501
830,  6569.638,  5397.825,  -1971.740
831,  6569.618,  5397.822,  -1971.970
832,  6569.596,  5397.820,  -1972.189
833,  6569.575,  5397.818,  -1972.400
834,  6569.553,  5397.815,  -1972.596
835,  6569.530,  5397.812,  -1972.780
836,  6569.509,  5397.809,  -1972.950
837,  6569.486,  5397.807,  -1973.105
838,  6569.464,  5397.804,  -1973.247
839,  6569.441,  5397.801,  -1973.372
840,  6569.419,  5397.798,  -1973.481
841,  6569.384,  5397.794,  -1973.616
842,  6569.351,  5397.789,  -1973.718
843,  6569.293,  5397.780,  -1973.807
844,  6569.205,  5397.762,  -1973.746
845,  6569.164,  5397.754,  -1973.620
846,  6569.136,  5397.748,  -1973.484
847,  6569.118,  5397.745,  -1973.374
848,  6569.102,  5397.742,  -1973.248
849,  6569.087,  5397.739,  -1973.108
850,  6569.074,  5397.736,  -1972.951
851,  6569.061,  5397.733,  -1972.783
852,  6569.050,  5397.731,  -1972.601
853,  6569.041,  5397.728,  -1972.407
854,  6569.033,  5397.725,  -1972.200
855,  6569.026,  5397.723,  -1971.983
856,  6569.022,  5397.722,  -1971.759
857,  6569.018,  5397.719,  -1971.523
858,  6569.017,  5397.717,  -1971.279
859,  6569.016,  5397.715,  -1971.029
860,  6569.017,  5397.713,  -1970.771
861,  6569.020,  5397.711,  -1970.506
862,  6569.024,  5397.711,  -1970.236
863,  6569.030,  5397.710,  -1969.961
864,  6569.038,  5397.709,  -1969.680
865,  6569.045,  5397.709,  -1969.393
866,  6569.054,  5397.709,  -1969.104
867,  6569.065,  5397.709,  -1968.811
868,  6569.076,  5397.710,  -1968.516
869,  6569.089,  5397.710,  -1968.220
870,  6569.103,  5397.711,  -1967.924
871,  6569.118,  5397.711,  -1967.628
872,  6569.133,  5397.713,  -1967.335
873,  6569.150,  5397.714,  -1967.045
874,  6569.168,  5397.714,  -1966.759
875,  6569.186,  5397.715,  -1966.481
876,  6569.204,  5397.716,  -1966.207
877,  6569.224,  5397.717,  -1965.941
878,  6569.243,  5397.718,  -1965.683
879,  6569.264,  5397.719,  -1965.434
880,  6569.284,  5397.721,  -1965.195
881,  6569.306,  5397.723,  -1964.967
882,  6569.329,  5397.724,  -1964.749
883,  6569.351,  5397.726,  -1964.541
884,  6569.375,  5397.729,  -1964.347
885,  6569.399,  5397.731,  -1964.165
886,  6569.423,  5397.735,  -1963.995
887,  6569.447,  5397.738,  -1963.840
888,  6569.472,  5397.742,  -1963.700
889,  6569.497,  5397.745,  -1963.575
890,  6569.523,  5397.749,  -1963.464
891,  6569.560,  5397.755,  -1963.332
892,  6569.597,  5397.761,  -1963.236
893,  6569.667,  5397.772,  -1963.166
894,  6569.730,  5397.784,  -1963.251
895,  6569.758,  5397.790,  -1963.347
896,  6569.784,  5397.795,  -1963.478
897,  6569.799,  5397.798,  -1963.585
898,  6569.813,  5397.803,  -1963.706
899,  6569.827,  5397.806,  -1963.841
900,  6569.838,  5397.809,  -1963.988
901,  6569.848,  5397.812,  -1964.149
902,  6569.857,  5397.815,  -1964.324
903,  6569.864,  5397.818,  -1964.511
904,  6569.869,  5397.820,  -1964.711
905,  6569.874,  5397.822,  -1964.921
906,  6569.876,  5397.824,  -1965.145
907,  6569.877,  5397.825,  -1965.378
908,  6569.876,  5397.826,  -1965.623
909,  6569.873,  5397.827,  -1965.876
910,  6569.870,  5397.828,  -1966.139
911,  6569.865,  5397.829,  -1966.409
912,  6569.860,  5397.829,  -1966.684
913,  6569.852,  5397.830,  -1966.966
914,  6569.844,  5397.830,  -1967.252
915,  6569.836,  5397.831,  -1967.542
916,  6569.826,  5397.831,  -1967.833
917,  6569.815,  5397.831,  -1968.126
918,  6569.803,  5397.832,  -1968.420
919,  6569.790,  5397.832,  -1968.713
920,  6569.777,  5397.831,  -1969.006
921,  6569.762,  5397.831,  -1969.297
922,  6569.746,  5397.830,  -1969.585
923,  6569.730,  5397.828,  -1969.870
924,  6569.713,  5397.827,  -1970.153
925,  6569.694,  5397.825,  -1970.429
926,  6569.674,  5397.823,  -1970.701
927,  6569.654,  5397.821,  -1970.965
928,  6569.632,  5397.819,  -1971.223
929,  6569.611,  5397.816,  -1971.472
930,  6569.588,  5397.813,  -1971.711
931,  6569.565,  5397.810,  -1971.940
932,  6569.542,  5397.807,  -1972.157
933,  6569.517,  5397.805,  -1972.363
934,  6569.492,  5397.801,  -1972.554
935,  6569.467,  5397.798,  -1972.733
936,  6569.442,  5397.795,  -1972.897
937,  6569.417,  5397.793,  -1973.049
938,  6569.392,  5397.789,  -1973.184
939,  6569.367,  5397.785,  -1973.305
940,  6569.342,  5397.782,  -1973.411
941,  6569.305,  5397.776,  -1973.544
942,  6569.269,  5397.770,  -1973.645
943,  6569.213,  5397.761,  -1973.740
944,  6569.128,  5397.743,  -1973.670
945,  6569.098,  5397.739,  -1973.540
946,  6569.078,  5397.735,  -1973.400
947,  6569.068,  5397.733,  -1973.288
948,  6569.059,  5397.732,  -1973.161
949,  6569.050,  5397.730,  -1973.019
950,  6569.043,  5397.728,  -1972.864
951,  6569.038,  5397.727,  -1972.695
952,  6569.033,  5397.725,  -1972.514
953,  6569.030,  5397.723,  -1972.320
954,  6569.028,  5397.721,  -1972.115
955,  6569.026,  5397.720,  -1971.900
956,  6569.027,  5397.719,  -1971.676
957,  6569.028,  5397.717,  -1971.440
958,  6569.030,  5397.715,  -1971.196
959,  6569.033,  5397.714,  -1970.943
960,  6569.039,  5397.713,  -1970.681
961,  6569.045,  5397.713,  -1970.414
962,  6569.052,  5397.712,  -1970.137
963,  6569.060,  5397.711,  -1969.855
964,  6569.069,  5397.712,  -1969.569
965,  6569.080,  5397.712,  -1969.277
966,  6569.092,  5397.712,  -1968.983
967,  6569.105,  5397.713,  -1968.687
968,  6569.119,  5397.714,  -1968.388
969,  6569.135,  5397.714,  -1968.091
970,  6569.152,  5397.715,  -1967.796
971,  6569.169,  5397.716,  -1967.502
972,  6569.187,  5397.717,  -1967.213
973,  6569.208,  5397.718,  -1966.929
974,  6569.228,  5397.720,  -1966.650
975,  6569.250,  5397.721,  -1966.379
976,  6569.273,  5397.723,  -1966.113
977,  6569.296,  5397.725,  -1965.856
978,  6569.321,  5397.727,  -1965.608
979,  6569.345,  5397.730,  -1965.369
980,  6569.370,  5397.732,  -1965.139
981,  6569.396,  5397.735,  -1964.920
982,  6569.423,  5397.738,  -1964.710
983,  6569.448,  5397.742,  -1964.513
984,  6569.474,  5397.746,  -1964.326
985,  6569.501,  5397.749,  -1964.152
986,  6569.527,  5397.753,  -1963.991
987,  6569.551,  5397.757,  -1963.843
988,  6569.577,  5397.761,  -1963.711
989,  6569.602,  5397.764,  -1963.594
990,  6569.626,  5397.767,  -1963.492
991,  6569.659,  5397.773,  -1963.370
992,  6569.700,  5397.779,  -1963.264
993,  6569.794,  5397.795,  -1963.309
994,  6569.820,  5397.800,  -1963.445
995,  6569.837,  5397.804,  -1963.587
996,  6569.846,  5397.807,  -1963.700
997,  6569.854,  5397.809,  -1963.828
998,  6569.862,  5397.812,  -1963.973
999,  6569.868,  5397.814,  -1964.131
1000,  6569.872,  5397.816,  -1964.304
1001,  6569.876,  5397.817,  -1964.490
1002,  6569.879,  5397.820,  -1964.692
1003,  6569.880,  5397.821,  -1964.906
1004,  6569.880,  5397.822,  -1965.131
1005,  6569.878,  5397.824,  -1965.367
1006,  6569.875,  5397.825,  -1965.614
1007,  6569.871,  5397.825,  -1965.868
1008,  6569.865,  5397.826,  -1966.131
1009,  6569.858,  5397.827,  -1966.402
1010,  6569.850,  5397.827,  -1966.677
1011,  6569.840,  5397.828,  -1966.957
1012,  6569.830,  5397.828,  -1967.241
1013,  6569.818,  5397.829,  -1967.529
1014,  6569.806,  5397.828,  -1967.818
1015,  6569.792,  5397.828,  -1968.107
1016,  6569.776,  5397.828,  -1968.398
1017,  6569.759,  5397.826,  -1968.687
1018,  6569.740,  5397.825,  -1968.976
1019,  6569.721,  5397.823,  -1969.264
1020,  6569.701,  5397.821,  -1969.549
1021,  6569.679,  5397.819,  -1969.830
1022,  6569.657,  5397.816,  -1970.108
1023,  6569.634,  5397.812,  -1970.379
1024,  6569.609,  5397.810,  -1970.647
1025,  6569.585,  5397.807,  -1970.907
1026,  6569.559,  5397.804,  -1971.159
1027,  6569.534,  5397.801,  -1971.403
1028,  6569.509,  5397.797,  -1971.638
1029,  6569.483,  5397.794,  -1971.861
1030,  6569.458,  5397.791,  -1972.075
1031,  6569.433,  5397.788,  -1972.278
1032,  6569.408,  5397.785,  -1972.467
1033,  6569.384,  5397.782,  -1972.645
1034,  6569.359,  5397.779,  -1972.810
1035,  6569.336,  5397.776,  -1972.964
1036,  6569.313,  5397.773,  -1973.104
1037,  6569.290,  5397.770,  -1973.230
1038,  6569.268,  5397.767,  -1973.344
1039,  6569.247,  5397.764,  -1973.443
1040,  6569.218,  5397.759,  -1973.566
1041,  6569.180,  5397.753,  -1973.678
1042,  6569.089,  5397.736,  -1973.631
1043,  6569.072,  5397.733,  -1973.528
1044,  6569.058,  5397.731,  -1973.388
1045,  6569.049,  5397.728,  -1973.275
1046,  6569.041,  5397.727,  -1973.147
1047,  6569.036,  5397.725,  -1973.005
1048,  6569.031,  5397.723,  -1972.850
1049,  6569.027,  5397.721,  -1972.680
1050,  6569.024,  5397.720,  -1972.500
1051,  6569.022,  5397.718,  -1972.306
1052,  6569.023,  5397.717,  -1972.102
1053,  6569.023,  5397.715,  -1971.888
1054,  6569.026,  5397.714,  -1971.663
1055,  6569.030,  5397.713,  -1971.428
1056,  6569.037,  5397.712,  -1971.184
1057,  6569.044,  5397.711,  -1970.932
1058,  6569.053,  5397.711,  -1970.674
1059,  6569.063,  5397.711,  -1970.406
1060,  6569.074,  5397.712,  -1970.132
1061,  6569.088,  5397.712,  -1969.854
1062,  6569.102,  5397.714,  -1969.572
1063,  6569.118,  5397.715,  -1969.286
1064,  6569.136,  5397.716,  -1968.998
1065,  6569.154,  5397.717,  -1968.707
1066,  6569.174,  5397.719,  -1968.417
1067,  6569.194,  5397.721,  -1968.128
1068,  6569.216,  5397.723,  -1967.840
1069,  6569.238,  5397.725,  -1967.555
1070,  6569.261,  5397.727,  -1967.273
1071,  6569.284,  5397.729,  -1966.995
1072,  6569.308,  5397.731,  -1966.721
1073,  6569.332,  5397.733,  -1966.452
1074,  6569.357,  5397.735,  -1966.190
1075,  6569.381,  5397.737,  -1965.933
1076,  6569.406,  5397.741,  -1965.685
1077,  6569.430,  5397.743,  -1965.442
1078,  6569.455,  5397.746,  -1965.209
1079,  6569.480,  5397.749,  -1964.984
1080,  6569.504,  5397.751,  -1964.771
1081,  6569.528,  5397.754,  -1964.567
1082,  6569.552,  5397.757,  -1964.375
1083,  6569.574,  5397.760,  -1964.197
1084,  6569.598,  5397.762,  -1964.031
1085,  6569.619,  5397.765,  -1963.880
1086,  6569.640,  5397.767,  -1963.743
1087,  6569.662,  5397.770,  -1963.624
1088,  6569.682,  5397.773,  -1963.520
1089,  6569.711,  5397.776,  -1963.394
1090,  6569.747,  5397.781,  -1963.284
1091,  6569.835,  5397.799,  -1963.352
1092,  6569.852,  5397.802,  -1963.459
1093,  6569.866,  5397.806,  -1963.603
1094,  6569.873,  5397.809,  -1963.717
1095,  6569.879,  5397.811,  -1963.848
1096,  6569.884,  5397.814,  -1963.994
1097,  6569.887,  5397.815,  -1964.153
1098,  6569.889,  5397.816,  -1964.327
1099,  6569.889,  5397.818,  -1964.514
1100,  6569.886,  5397.819,  -1964.714
1101,  6569.883,  5397.820,  -1964.925
1102,  6569.877,  5397.821,  -1965.147
1103,  6569.871,  5397.821,  -1965.378
1104,  6569.862,  5397.822,  -1965.619
1105,  6569.853,  5397.821,  -1965.867
1106,  6569.842,  5397.821,  -1966.122
1107,  6569.829,  5397.820,  -1966.383
1108,  6569.816,  5397.820,  -1966.650
1109,  6569.801,  5397.819,  -1966.921
1110,  6569.784,  5397.818,  -1967.197
1111,  6569.768,  5397.817,  -1967.477
1112,  6569.750,  5397.816,  -1967.760
1113,  6569.730,  5397.815,  -1968.043
1114,  6569.710,  5397.813,  -1968.330
1115,  6569.689,  5397.811,  -1968.616
1116,  6569.668,  5397.809,  -1968.903
1117,  6569.646,  5397.806,  -1969.189
1118,  6569.622,  5397.804,  -1969.474
1119,  6569.599,  5397.802,  -1969.757
1120,  6569.576,  5397.799,  -1970.035
1121,  6569.552,  5397.796,  -1970.308
1122,  6569.528,  5397.794,  -1970.577
1123,  6569.504,  5397.791,  -1970.838
1124,  6569.481,  5397.788,  -1971.092
1125,  6569.457,  5397.786,  -1971.337
1126,  6569.434,  5397.783,  -1971.574
1127,  6569.410,  5397.781,  -1971.800
1128,  6569.387,  5397.779,  -1972.017
1129,  6569.363,  5397.777,  -1972.222
1130,  6569.342,  5397.774,  -1972.415
1131,  6569.319,  5397.771,  -1972.595
1132,  6569.296,  5397.769,  -1972.764
1133,  6569.274,  5397.766,  -1972.919
1134,  6569.253,  5397.764,  -1973.062
1135,  6569.232,  5397.761,  -1973.191
1136,  6569.210,  5397.758,  -1973.305
1137,  6569.190,  5397.755,  -1973.405
1138,  6569.161,  5397.750,  -1973.527
1139,  6569.125,  5397.745,  -1973.635
1140,  6569.042,  5397.729,  -1973.567
1141,  6569.027,  5397.727,  -1973.462
1142,  6569.018,  5397.725,  -1973.324
1143,  6569.013,  5397.723,  -1973.213
1144,  6569.009,  5397.722,  -1973.090
1145,  6569.008,  5397.721,  -1972.953
1146,  6569.007,  5397.721,  -1972.804
1147,  6569.008,  5397.720,  -1972.642
1148,  6569.011,  5397.720,  -1972.470
1149,  6569.016,  5397.719,  -1972.284
1150,  6569.022,  5397.719,  -1972.088
1151,  6569.028,  5397.719,  -1971.881
1152,  6569.037,  5397.720,  -1971.663
1153,  6569.047,  5397.720,  -1971.435
1154,  6569.058,  5397.721,  -1971.197
1155,  6569.071,  5397.722,  -1970.950
1156,  6569.085,  5397.723,  -1970.696
1157,  6569.101,  5397.724,  -1970.434
1158,  6569.116,  5397.726,  -1970.165
1159,  6569.133,  5397.728,  -1969.890
1160,  6569.150,  5397.730,  -1969.611
1161,  6569.170,  5397.731,  -1969.327
1162,  6569.189,  5397.733,  -1969.041
1163,  6569.209,  5397.734,  -1968.754
1164,  6569.229,  5397.736,  -1968.466
1165,  6569.250,  5397.738,  -1968.178
1166,  6569.272,  5397.739,  -1967.890
1167,  6569.293,  5397.741,  -1967.604
1168,  6569.315,  5397.743,  -1967.321
1169,  6569.338,  5397.745,  -1967.041
1170,  6569.361,  5397.747,  -1966.765
1171,  6569.384,  5397.749,  -1966.494
1172,  6569.407,  5397.751,  -1966.227
1173,  6569.431,  5397.753,  -1965.967
1174,  6569.455,  5397.755,  -1965.716
1175,  6569.479,  5397.758,  -1965.473
1176,  6569.503,  5397.761,  -1965.238
1177,  6569.528,  5397.763,  -1965.013
1178,  6569.552,  5397.765,  -1964.800
1179,  6569.575,  5397.768,  -1964.598
1180,  6569.598,  5397.772,  -1964.411
1181,  6569.621,  5397.774,  -1964.236
1182,  6569.644,  5397.776,  -1964.075
1183,  6569.666,  5397.779,  -1963.929
1184,  6569.687,  5397.782,  -1963.798
1185,  6569.708,  5397.785,  -1963.683
1186,  6569.728,  5397.788,  -1963.584
1187,  6569.755,  5397.792,  -1963.463
1188,  6569.790,  5397.797,  -1963.356
1189,  6569.863,  5397.812,  -1963.437
1190,  6569.872,  5397.814,  -1963.550
1191,  6569.876,  5397.816,  -1963.697
1192,  6569.876,  5397.817,  -1963.815
1193,  6569.875,  5397.818,  -1963.948
1194,  6569.873,  5397.818,  -1964.094
1195,  6569.868,  5397.819,  -1964.255
1196,  6569.862,  5397.819,  -1964.429
1197,  6569.856,  5397.819,  -1964.616
1198,  6569.847,  5397.819,  -1964.816
1199,  6569.838,  5397.819,  -1965.026
1200,  6569.828,  5397.818,  -1965.246
1201,  6569.817,  5397.818,  -1965.476
1202,  6569.805,  5397.817,  -1965.715
1203,  6569.791,  5397.816,  -1965.962
1204,  6569.777,  5397.816,  -1966.218
1205,  6569.762,  5397.815,  -1966.479
1206,  6569.746,  5397.814,  -1966.747
1207,  6569.728,  5397.814,  -1967.021
1208,  6569.710,  5397.812,  -1967.299
1209,  6569.693,  5397.811,  -1967.582
1210,  6569.673,  5397.809,  -1967.867
1211,  6569.653,  5397.809,  -1968.158
1212,  6569.632,  5397.806,  -1968.445
1213,  6569.611,  5397.804,  -1968.736
1214,  6569.589,  5397.802,  -1969.024
1215,  6569.566,  5397.800,  -1969.311
1216,  6569.543,  5397.798,  -1969.596
1217,  6569.520,  5397.795,  -1969.875
1218,  6569.496,  5397.793,  -1970.149
1219,  6569.471,  5397.791,  -1970.418
1220,  6569.448,  5397.788,  -1970.680
1221,  6569.424,  5397.785,  -1970.934
1222,  6569.399,  5397.783,  -1971.179
1223,  6569.374,  5397.780,  -1971.414
1224,  6569.350,  5397.777,  -1971.641
1225,  6569.326,  5397.775,  -1971.857
1226,  6569.301,  5397.772,  -1972.062
1227,  6569.278,  5397.769,  -1972.257
1228,  6569.255,  5397.766,  -1972.441
1229,  6569.232,  5397.763,  -1972.612
1230,  6569.209,  5397.760,  -1972.773
1231,  6569.188,  5397.757,  -1972.920
1232,  6569.168,  5397.754,  -1973.055
1233,  6569.148,  5397.751,  -1973.176
1234,  6569.129,  5397.748,  -1973.282
1235,  6569.103,  5397.744,  -1973.415
1236,  6569.080,  5397.740,  -1973.514
1237,  6569.044,  5397.735,  -1973.609
1238,  6569.016,  5397.729,  -1973.491
1239,  6569.012,  5397.728,  -1973.385
1240,  6569.011,  5397.728,  -1973.247
1241,  6569.013,  5397.727,  -1973.138
1242,  6569.016,  5397.726,  -1973.013
1243,  6569.019,  5397.726,  -1972.876
1244,  6569.025,  5397.726,  -1972.725
1245,  6569.031,  5397.726,  -1972.561
1246,  6569.038,  5397.726,  -1972.384
1247,  6569.046,  5397.727,  -1972.194
1248,  6569.055,  5397.727,  -1971.992
1249,  6569.065,  5397.728,  -1971.779
1250,  6569.077,  5397.729,  -1971.554
1251,  6569.090,  5397.729,  -1971.319
1252,  6569.104,  5397.731,  -1971.076
1253,  6569.117,  5397.731,  -1970.822
1254,  6569.133,  5397.733,  -1970.562
1255,  6569.150,  5397.734,  -1970.295
1256,  6569.167,  5397.735,  -1970.024
1257,  6569.186,  5397.737,  -1969.748
1258,  6569.205,  5397.738,  -1969.468
1259,  6569.224,  5397.739,  -1969.186
1260,  6569.245,  5397.741,  -1968.902
1261,  6569.266,  5397.742,  -1968.617
1262,  6569.289,  5397.744,  -1968.333
1263,  6569.312,  5397.746,  -1968.048
1264,  6569.335,  5397.748,  -1967.766
1265,  6569.359,  5397.751,  -1967.485
1266,  6569.383,  5397.753,  -1967.207
1267,  6569.408,  5397.755,  -1966.933
1268,  6569.434,  5397.758,  -1966.663
1269,  6569.459,  5397.761,  -1966.400
1270,  6569.484,  5397.764,  -1966.141
1271,  6569.510,  5397.766,  -1965.889
1272,  6569.535,  5397.770,  -1965.647
1273,  6569.560,  5397.772,  -1965.412
1274,  6569.585,  5397.775,  -1965.187
1275,  6569.608,  5397.778,  -1964.973
1276,  6569.632,  5397.780,  -1964.770
1277,  6569.654,  5397.783,  -1964.578
1278,  6569.676,  5397.785,  -1964.399
1279,  6569.696,  5397.787,  -1964.233
1280,  6569.716,  5397.789,  -1964.080
1281,  6569.734,  5397.791,  -1963.941
1282,  6569.752,  5397.793,  -1963.816
1283,  6569.768,  5397.795,  -1963.705
1284,  6569.789,  5397.798,  -1963.565
1285,  6569.809,  5397.800,  -1963.457
1286,  6569.834,  5397.804,  -1963.355
1287,  6569.861,  5397.809,  -1963.452
1288,  6569.863,  5397.809,  -1963.561
1289,  6569.861,  5397.810,  -1963.707
1290,  6569.859,  5397.810,  -1963.824
1291,  6569.855,  5397.811,  -1963.958
1292,  6569.850,  5397.811,  -1964.104
1293,  6569.844,  5397.812,  -1964.266
1294,  6569.837,  5397.811,  -1964.440
1295,  6569.829,  5397.811,  -1964.626
1296,  6569.821,  5397.811,  -1964.825
1297,  6569.810,  5397.810,  -1965.034
1298,  6569.799,  5397.810,  -1965.254
1299,  6569.786,  5397.810,  -1965.483
1300,  6569.772,  5397.809,  -1965.720
1301,  6569.757,  5397.809,  -1965.966
1302,  6569.741,  5397.808,  -1966.220
1303,  6569.724,  5397.806,  -1966.479
1304,  6569.706,  5397.805,  -1966.745
1305,  6569.687,  5397.803,  -1967.016
1306,  6569.667,  5397.801,  -1967.292
1307,  6569.646,  5397.799,  -1967.571
1308,  6569.624,  5397.797,  -1967.853
1309,  6569.601,  5397.794,  -1968.136
1310,  6569.577,  5397.792,  -1968.421
1311,  6569.553,  5397.789,  -1968.704
1312,  6569.528,  5397.787,  -1968.987
1313,  6569.503,  5397.784,  -1969.266
1314,  6569.478,  5397.781,  -1969.543
1315,  6569.454,  5397.778,  -1969.815
1316,  6569.429,  5397.775,  -1970.083
1317,  6569.404,  5397.772,  -1970.344
1318,  6569.379,  5397.770,  -1970.601
1319,  6569.355,  5397.767,  -1970.849
1320,  6569.331,  5397.764,  -1971.091
1321,  6569.307,  5397.761,  -1971.325
1322,  6569.284,  5397.759,  -1971.551
1323,  6569.263,  5397.756,  -1971.768
1324,  6569.241,  5397.753,  -1971.976
1325,  6569.220,  5397.751,  -1972.174
1326,  6569.199,  5397.748,  -1972.361
1327,  6569.181,  5397.746,  -1972.537
1328,  6569.163,  5397.744,  -1972.701
1329,  6569.148,  5397.741,  -1972.854
1330,  6569.132,  5397.739,  -1972.992
1331,  6569.117,  5397.738,  -1973.117
1332,  6569.103,  5397.736,  -1973.227
1333,  6569.084,  5397.735,  -1973.364
1334,  6569.068,  5397.732,  -1973.465
1335,  6569.046,  5397.729,  -1973.563
1336,  6569.029,  5397.724,  -1973.448
1337,  6569.028,  5397.724,  -1973.343
1338,  6569.030,  5397.723,  -1973.204
1339,  6569.033,  5397.722,  -1973.094
1340,  6569.038,  5397.722,  -1972.970
1341,  6569.044,  5397.721,  -1972.832
1342,  6569.051,  5397.722,  -1972.680
1343,  6569.059,  5397.722,  -1972.516
1344,  6569.068,  5397.723,  -1972.339
1345,  6569.079,  5397.724,  -1972.149
1346,  6569.090,  5397.725,  -1971.948
1347,  6569.104,  5397.727,  -1971.737
1348,  6569.119,  5397.728,  -1971.514
1349,  6569.135,  5397.729,  -1971.283
1350,  6569.152,  5397.731,  -1971.044
1351,  6569.170,  5397.733,  -1970.797
1352,  6569.190,  5397.734,  -1970.543
1353,  6569.210,  5397.736,  -1970.285
1354,  6569.232,  5397.737,  -1970.022
1355,  6569.253,  5397.740,  -1969.754
1356,  6569.276,  5397.742,  -1969.483
1357,  6569.300,  5397.744,  -1969.209
1358,  6569.323,  5397.746,  -1968.933
1359,  6569.348,  5397.748,  -1968.655
1360,  6569.372,  5397.751,  -1968.376
1361,  6569.397,  5397.753,  -1968.096
1362,  6569.422,  5397.756,  -1967.817
1363,  6569.446,  5397.759,  -1967.539
1364,  6569.471,  5397.761,  -1967.263
1365,  6569.496,  5397.763,  -1966.989
1366,  6569.520,  5397.766,  -1966.720
1367,  6569.544,  5397.768,  -1966.456
1368,  6569.567,  5397.770,  -1966.196
1369,  6569.590,  5397.773,  -1965.944
1370,  6569.613,  5397.775,  -1965.700
1371,  6569.634,  5397.777,  -1965.464
1372,  6569.654,  5397.778,  -1965.237
1373,  6569.675,  5397.780,  -1965.022
1374,  6569.693,  5397.781,  -1964.817
1375,  6569.712,  5397.782,  -1964.624
1376,  6569.729,  5397.784,  -1964.444
1377,  6569.746,  5397.785,  -1964.275
1378,  6569.762,  5397.786,  -1964.122
1379,  6569.776,  5397.787,  -1963.979
1380,  6569.790,  5397.789,  -1963.852
1381,  6569.803,  5397.790,  -1963.740
1382,  6569.820,  5397.793,  -1963.598
1383,  6569.836,  5397.795,  -1963.491
1384,  6569.857,  5397.798,  -1963.391
1385,  6569.874,  5397.802,  -1963.502
1386,  6569.871,  5397.803,  -1963.614
1387,  6569.865,  5397.803,  -1963.761
1388,  6569.861,  5397.802,  -1963.877
1389,  6569.853,  5397.802,  -1964.008
1390,  6569.846,  5397.802,  -1964.152
1391,  6569.837,  5397.801,  -1964.309
1392,  6569.826,  5397.800,  -1964.477
1393,  6569.813,  5397.800,  -1964.657
1394,  6569.800,  5397.799,  -1964.849
1395,  6569.786,  5397.798,  -1965.051
1396,  6569.770,  5397.797,  -1965.263
1397,  6569.753,  5397.795,  -1965.484
1398,  6569.735,  5397.793,  -1965.714
1399,  6569.716,  5397.792,  -1965.952
1400,  6569.696,  5397.790,  -1966.200
1401,  6569.674,  5397.788,  -1966.454
1402,  6569.653,  5397.785,  -1966.714
1403,  6569.631,  5397.783,  -1966.981
1404,  6569.608,  5397.780,  -1967.253
1405,  6569.585,  5397.778,  -1967.528
1406,  6569.562,  5397.776,  -1967.807
1407,  6569.538,  5397.773,  -1968.087
1408,  6569.514,  5397.771,  -1968.369
1409,  6569.490,  5397.769,  -1968.650
1410,  6569.467,  5397.766,  -1968.931
1411,  6569.443,  5397.764,  -1969.209
1412,  6569.421,  5397.762,  -1969.484
1413,  6569.398,  5397.759,  -1969.756
1414,  6569.375,  5397.758,  -1970.024
1415,  6569.353,  5397.756,  -1970.287
1416,  6569.331,  5397.754,  -1970.544
1417,  6569.310,  5397.752,  -1970.796
1418,  6569.289,  5397.749,  -1971.040
1419,  6569.268,  5397.747,  -1971.276
1420,  6569.250,  5397.745,  -1971.504
1421,  6569.230,  5397.743,  -1971.723
1422,  6569.211,  5397.741,  -1971.931
1423,  6569.192,  5397.739,  -1972.131
1424,  6569.175,  5397.737,  -1972.318
1425,  6569.159,  5397.735,  -1972.493
1426,  6569.143,  5397.733,  -1972.655
1427,  6569.128,  5397.731,  -1972.803
1428,  6569.114,  5397.730,  -1972.938
1429,  6569.102,  5397.729,  -1973.059
1430,  6569.089,  5397.728,  -1973.165
1431,  6569.073,  5397.726,  -1973.295
1432,  6569.056,  5397.724,  -1973.417
1433,  6569.043,  5397.719,  -1973.316
1434,  6569.051,  5397.719,  -1973.196
1435,  6569.062,  5397.720,  -1973.043
1436,  6569.072,  5397.720,  -1972.923
1437,  6569.082,  5397.722,  -1972.791
1438,  6569.093,  5397.724,  -1972.646
1439,  6569.106,  5397.725,  -1972.486
1440,  6569.120,  5397.727,  -1972.314
1441,  6569.136,  5397.729,  -1972.130
1442,  6569.152,  5397.731,  -1971.935
1443,  6569.170,  5397.733,  -1971.729
1444,  6569.188,  5397.735,  -1971.515
1445,  6569.207,  5397.737,  -1971.289
1446,  6569.227,  5397.739,  -1971.055
1447,  6569.247,  5397.741,  -1970.813
1448,  6569.268,  5397.742,  -1970.564
1449,  6569.289,  5397.745,  -1970.310
1450,  6569.310,  5397.747,  -1970.050
1451,  6569.333,  5397.748,  -1969.784
1452,  6569.355,  5397.750,  -1969.514
1453,  6569.376,  5397.752,  -1969.240
1454,  6569.400,  5397.754,  -1968.964
1455,  6569.421,  5397.756,  -1968.685
1456,  6569.445,  5397.759,  -1968.405
1457,  6569.467,  5397.761,  -1968.123
1458,  6569.489,  5397.762,  -1967.841
1459,  6569.512,  5397.765,  -1967.563
1460,  6569.534,  5397.767,  -1967.285
1461,  6569.557,  5397.769,  -1967.013
1462,  6569.578,  5397.771,  -1966.743
1463,  6569.601,  5397.773,  -1966.481
1464,  6569.621,  5397.775,  -1966.224
1465,  6569.642,  5397.776,  -1965.975
1466,  6569.662,  5397.778,  -1965.736
1467,  6569.682,  5397.780,  -1965.505
1468,  6569.702,  5397.781,  -1965.283
1469,  6569.720,  5397.782,  -1965.072
1470,  6569.738,  5397.784,  -1964.872
1471,  6569.754,  5397.786,  -1964.684
1472,  6569.770,  5397.787,  -1964.508
1473,  6569.785,  5397.789,  -1964.343
1474,  6569.800,  5397.790,  -1964.191
1475,  6569.814,  5397.792,  -1964.053
1476,  6569.824,  5397.793,  -1963.927
1477,  6569.835,  5397.794,  -1963.815
1478,  6569.849,  5397.796,  -1963.674
1479,  6569.859,  5397.798,  -1963.566
1480,  6569.868,  5397.799,  -1963.464
1481,  6569.854,  5397.798,  -1963.588
1482,  6569.843,  5397.797,  -1963.703
1483,  6569.829,  5397.795,  -1963.851
1484,  6569.819,  5397.794,  -1963.968
1485,  6569.807,  5397.793,  -1964.098
1486,  6569.794,  5397.792,  -1964.242
1487,  6569.781,  5397.791,  -1964.399
1488,  6569.766,  5397.789,  -1964.567
1489,  6569.752,  5397.788,  -1964.749
1490,  6569.735,  5397.787,  -1964.942
1491,  6569.718,  5397.785,  -1965.146
1492,  6569.701,  5397.784,  -1965.362
1493,  6569.683,  5397.782,  -1965.587
1494,  6569.664,  5397.780,  -1965.821
1495,  6569.644,  5397.778,  -1966.064
1496,  6569.625,  5397.776,  -1966.317
1497,  6569.604,  5397.774,  -1966.575
1498,  6569.584,  5397.772,  -1966.840
1499,  6569.562,  5397.770,  -1967.109
1500,  6569.540,  5397.768,  -1967.383
1501,  6569.519,  5397.766,  -1967.660
1502,  6569.497,  5397.764,  -1967.938
1503,  6569.475,  5397.762,  -1968.217
1504,  6569.453,  5397.760,  -1968.496
1505,  6569.430,  5397.759,  -1968.774
1506,  6569.407,  5397.757,  -1969.050
1507,  6569.386,  5397.755,  -1969.323
1508,  6569.364,  5397.753,  -1969.593
1509,  6569.341,  5397.750,  -1969.858
1510,  6569.321,  5397.748,  -1970.119
1511,  6569.299,  5397.746,  -1970.375
1512,  6569.277,  5397.743,  -1970.624
1513,  6569.257,  5397.741,  -1970.869
1514,  6569.235,  5397.739,  -1971.104
1515,  6569.216,  5397.737,  -1971.333
1516,  6569.198,  5397.735,  -1971.553
1517,  6569.180,  5397.733,  -1971.763
1518,  6569.163,  5397.730,  -1971.962
1519,  6569.146,  5397.729,  -1972.152
1520,  6569.132,  5397.727,  -1972.329
1521,  6569.118,  5397.726,  -1972.495
1522,  6569.105,  5397.725,  -1972.648
1523,  6569.094,  5397.724,  -1972.787
1524,  6569.085,  5397.723,  -1972.915
1525,  6569.077,  5397.722,  -1973.028
1526,  6569.070,  5397.722,  -1973.128
1527,  6569.062,  5397.722,  -1973.251
1528,  6569.058,  5397.721,  -1973.367
1529,  6569.092,  5397.723,  -1973.252
1530,  6569.107,  5397.725,  -1973.126
1531,  6569.118,  5397.726,  -1973.021
1532,  6569.131,  5397.728,  -1972.904
1533,  6569.143,  5397.729,  -1972.772
1534,  6569.157,  5397.731,  -1972.627
1535,  6569.172,  5397.733,  -1972.469
1536,  6569.188,  5397.734,  -1972.297
1537,  6569.204,  5397.736,  -1972.114
1538,  6569.221,  5397.738,  -1971.919
1539,  6569.239,  5397.740,  -1971.715
1540,  6569.257,  5397.741,  -1971.501
1541,  6569.277,  5397.743,  -1971.277
1542,  6569.295,  5397.745,  -1971.046
1543,  6569.315,  5397.747,  -1970.807
1544,  6569.335,  5397.748,  -1970.561
1545,  6569.356,  5397.751,  -1970.309
1546,  6569.378,  5397.752,  -1970.051
1547,  6569.400,  5397.755,  -1969.789
1548,  6569.421,  5397.757,  -1969.522
1549,  6569.443,  5397.759,  -1969.253
1550,  6569.466,  5397.762,  -1968.979
1551,  6569.488,  5397.764,  -1968.705
1552,  6569.512,  5397.767,  -1968.430
1553,  6569.534,  5397.769,  -1968.153
1554,  6569.557,  5397.772,  -1967.879
1555,  6569.580,  5397.774,  -1967.606
1556,  6569.603,  5397.776,  -1967.336
1557,  6569.624,  5397.779,  -1967.069
1558,  6569.645,  5397.781,  -1966.807
1559,  6569.666,  5397.783,  -1966.551
1560,  6569.686,  5397.785,  -1966.301
1561,  6569.705,  5397.786,  -1966.057
1562,  6569.723,  5397.788,  -1965.822
1563,  6569.740,  5397.790,  -1965.596
1564,  6569.757,  5397.791,  -1965.377
1565,  6569.771,  5397.793,  -1965.168
1566,  6569.785,  5397.794,  -1964.968
1567,  6569.797,  5397.795,  -1964.778
1568,  6569.809,  5397.796,  -1964.599
1569,  6569.819,  5397.797,  -1964.432
1570,  6569.828,  5397.797,  -1964.276
1571,  6569.837,  5397.798,  -1964.134
1572,  6569.843,  5397.798,  -1964.004
1573,  6569.848,  5397.799,  -1963.888
1574,  6569.851,  5397.799,  -1963.787
1575,  6569.855,  5397.798,  -1963.662
1576,  6569.856,  5397.797,  -1963.553
1577,  6569.818,  5397.792,  -1963.673
1578,  6569.804,  5397.790,  -1963.797
1579,  6569.793,  5397.790,  -1963.901
1580,  6569.782,  5397.789,  -1964.016
1581,  6569.770,  5397.788,  -1964.145
1582,  6569.757,  5397.787,  -1964.289
1583,  6569.742,  5397.785,  -1964.444
1584,  6569.727,  5397.784,  -1964.611
1585,  6569.710,  5397.783,  -1964.793
1586,  6569.693,  5397.781,  -1964.985
1587,  6569.675,  5397.780,  -1965.188
1588,  6569.657,  5397.778,  -1965.402
1589,  6569.637,  5397.777,  -1965.625
1590,  6569.617,  5397.774,  -1965.856
1591,  6569.596,  5397.772,  -1966.096
1592,  6569.575,  5397.770,  -1966.343
1593,  6569.551,  5397.768,  -1966.596
1594,  6569.530,  5397.765,  -1966.854
1595,  6569.507,  5397.763,  -1967.117
1596,  6569.484,  5397.761,  -1967.382
1597,  6569.461,  5397.759,  -1967.650
1598,  6569.438,  5397.757,  -1967.920
1599,  6569.415,  5397.755,  -1968.191
1600,  6569.392,  5397.753,  -1968.462
1601,  6569.369,  5397.751,  -1968.732
1602,  6569.347,  5397.749,  -1969.002
1603,  6569.325,  5397.747,  -1969.270
1604,  6569.302,  5397.745,  -1969.535
1605,  6569.283,  5397.742,  -1969.798
1606,  6569.263,  5397.740,  -1970.056
1607,  6569.243,  5397.738,  -1970.311
1608,  6569.224,  5397.736,  -1970.560
1609,  6569.207,  5397.735,  -1970.805
1610,  6569.189,  5397.734,  -1971.042
1611,  6569.174,  5397.732,  -1971.271
1612,  6569.160,  5397.731,  -1971.491
1613,  6569.146,  5397.730,  -1971.703
1614,  6569.134,  5397.729,  -1971.904
1615,  6569.123,  5397.728,  -1972.094
1616,  6569.113,  5397.728,  -1972.272
1617,  6569.105,  5397.728,  -1972.440
1618,  6569.096,  5397.728,  -1972.593
1619,  6569.090,  5397.728,  -1972.734
1620,  6569.085,  5397.728,  -1972.862
1621,  6569.081,  5397.728,  -1972.977
1622,  6569.078,  5397.729,  -1973.079
1623,  6569.074,  5397.729,  -1973.204
1624,  6569.075,  5397.729,  -1973.321
1625,  6569.116,  5397.734,  -1973.197
1626,  6569.131,  5397.736,  -1973.068
1627,  6569.143,  5397.738,  -1972.963
1628,  6569.156,  5397.740,  -1972.845
1629,  6569.169,  5397.741,  -1972.713
1630,  6569.185,  5397.743,  -1972.569
1631,  6569.201,  5397.745,  -1972.414
1632,  6569.218,  5397.747,  -1972.245
1633,  6569.235,  5397.749,  -1972.067
1634,  6569.253,  5397.752,  -1971.879
1635,  6569.272,  5397.754,  -1971.681
1636,  6569.292,  5397.756,  -1971.473
1637,  6569.312,  5397.758,  -1971.257
1638,  6569.333,  5397.760,  -1971.033
1639,  6569.356,  5397.762,  -1970.801
1640,  6569.377,  5397.764,  -1970.562
1641,  6569.400,  5397.767,  -1970.316
1642,  6569.422,  5397.769,  -1970.065
1643,  6569.444,  5397.772,  -1969.809
1644,  6569.467,  5397.775,  -1969.547
1645,  6569.489,  5397.777,  -1969.280
1646,  6569.511,  5397.780,  -1969.011
1647,  6569.534,  5397.782,  -1968.740
1648,  6569.555,  5397.784,  -1968.467
1649,  6569.576,  5397.786,  -1968.194
1650,  6569.596,  5397.788,  -1967.920
1651,  6569.616,  5397.790,  -1967.649
1652,  6569.635,  5397.791,  -1967.380
1653,  6569.654,  5397.792,  -1967.116
1654,  6569.670,  5397.793,  -1966.855
1655,  6569.687,  5397.794,  -1966.599
1656,  6569.703,  5397.795,  -1966.349
1657,  6569.718,  5397.796,  -1966.105
1658,  6569.732,  5397.796,  -1965.868
1659,  6569.744,  5397.797,  -1965.640
1660,  6569.757,  5397.797,  -1965.420
1661,  6569.768,  5397.797,  -1965.209
1662,  6569.778,  5397.798,  -1965.008
1663,  6569.787,  5397.798,  -1964.817
1664,  6569.796,  5397.798,  -1964.638
1665,  6569.802,  5397.799,  -1964.471
1666,  6569.809,  5397.799,  -1964.317
1667,  6569.815,  5397.799,  -1964.175
1668,  6569.819,  5397.799,  -1964.048
1669,  6569.822,  5397.798,  -1963.935
1670,  6569.826,  5397.798,  -1963.794
1671,  6569.825,  5397.797,  -1963.687
1672,  6569.817,  5397.795,  -1963.580
1673,  6569.785,  5397.791,  -1963.676
1674,  6569.763,  5397.788,  -1963.813
1675,  6569.744,  5397.786,  -1963.953
1676,  6569.729,  5397.784,  -1964.063
1677,  6569.713,  5397.783,  -1964.187
1678,  6569.698,  5397.781,  -1964.323
1679,  6569.681,  5397.779,  -1964.474
1680,  6569.662,  5397.777,  -1964.636
1681,  6569.644,  5397.774,  -1964.810
1682,  6569.624,  5397.773,  -1964.997
1683,  6569.604,  5397.770,  -1965.195
1684,  6569.584,  5397.768,  -1965.403
1685,  6569.562,  5397.765,  -1965.620
1686,  6569.540,  5397.763,  -1965.845
1687,  6569.518,  5397.760,  -1966.079
1688,  6569.497,  5397.758,  -1966.321
1689,  6569.475,  5397.756,  -1966.569
1690,  6569.454,  5397.754,  -1966.822
1691,  6569.432,  5397.752,  -1967.080
1692,  6569.411,  5397.750,  -1967.342
1693,  6569.389,  5397.749,  -1967.607
1694,  6569.369,  5397.748,  -1967.875
1695,  6569.349,  5397.746,  -1968.145
1696,  6569.329,  5397.745,  -1968.414
1697,  6569.309,  5397.744,  -1968.686
1698,  6569.291,  5397.742,  -1968.956
1699,  6569.273,  5397.741,  -1969.226
1700,  6569.256,  5397.740,  -1969.493
1701,  6569.239,  5397.738,  -1969.756
1702,  6569.223,  5397.736,  -1970.015
1703,  6569.207,  5397.735,  -1970.270
1704,  6569.192,  5397.734,  -1970.519
1705,  6569.178,  5397.733,  -1970.761
1706,  6569.164,  5397.732,  -1970.997
1707,  6569.152,  5397.731,  -1971.223
1708,  6569.140,  5397.731,  -1971.440
1709,  6569.129,  5397.731,  -1971.648
1710,  6569.120,  5397.730,  -1971.845
1711,  6569.112,  5397.730,  -1972.031
1712,  6569.104,  5397.730,  -1972.206
1713,  6569.096,  5397.730,  -1972.368
1714,  6569.091,  5397.730,  -1972.518
1715,  6569.086,  5397.730,  -1972.655
1716,  6569.081,  5397.731,  -1972.781
1717,  6569.079,  5397.731,  -1972.893
1718,  6569.077,  5397.731,  -1973.037
1719,  6569.079,  5397.731,  -1973.151
1720,  6569.085,  5397.732,  -1973.255
1721,  6569.144,  5397.742,  -1973.164
1722,  6569.164,  5397.746,  -1973.053
1723,  6569.187,  5397.748,  -1972.910
1724,  6569.202,  5397.751,  -1972.799
1725,  6569.219,  5397.753,  -1972.673
1726,  6569.237,  5397.756,  -1972.536
1727,  6569.255,  5397.759,  -1972.388
1728,  6569.273,  5397.761,  -1972.226
1729,  6569.292,  5397.763,  -1972.054
1730,  6569.312,  5397.765,  -1971.871
1731,  6569.331,  5397.767,  -1971.677
1732,  6569.351,  5397.769,  -1971.474
1733,  6569.371,  5397.772,  -1971.261
1734,  6569.391,  5397.773,  -1971.038
1735,  6569.412,  5397.776,  -1970.808
1736,  6569.431,  5397.778,  -1970.569
1737,  6569.452,  5397.780,  -1970.324
1738,  6569.471,  5397.782,  -1970.072
1739,  6569.492,  5397.784,  -1969.815
1740,  6569.511,  5397.786,  -1969.553
1741,  6569.530,  5397.788,  -1969.287
1742,  6569.550,  5397.790,  -1969.019
1743,  6569.569,  5397.791,  -1968.749
1744,  6569.586,  5397.793,  -1968.478
1745,  6569.605,  5397.794,  -1968.208
1746,  6569.622,  5397.795,  -1967.939
1747,  6569.638,  5397.796,  -1967.671
1748,  6569.655,  5397.797,  -1967.407
1749,  6569.671,  5397.797,  -1967.146
1750,  6569.685,  5397.799,  -1966.890
1751,  6569.701,  5397.799,  -1966.639
1752,  6569.715,  5397.800,  -1966.394
1753,  6569.728,  5397.800,  -1966.154
1754,  6569.739,  5397.801,  -1965.923
1755,  6569.752,  5397.801,  -1965.698
1756,  6569.763,  5397.802,  -1965.483
1757,  6569.771,  5397.803,  -1965.276
1758,  6569.781,  5397.803,  -1965.079
1759,  6569.788,  5397.803,  -1964.893
1760,  6569.794,  5397.803,  -1964.717
1761,  6569.799,  5397.803,  -1964.551
1762,  6569.804,  5397.802,  -1964.400
1763,  6569.806,  5397.802,  -1964.261
1764,  6569.808,  5397.801,  -1964.136
1765,  6569.808,  5397.800,  -1964.024
1766,  6569.805,  5397.799,  -1963.882
1767,  6569.798,  5397.797,  -1963.772
1768,  6569.782,  5397.793,  -1963.664
1769,  6569.724,  5397.783,  -1963.749
1770,  6569.703,  5397.780,  -1963.849
1771,  6569.680,  5397.777,  -1963.982
1772,  6569.665,  5397.775,  -1964.089
1773,  6569.649,  5397.773,  -1964.210
1774,  6569.631,  5397.771,  -1964.345
1775,  6569.614,  5397.769,  -1964.493
1776,  6569.595,  5397.767,  -1964.655
1777,  6569.578,  5397.765,  -1964.829
1778,  6569.558,  5397.763,  -1965.015
1779,  6569.540,  5397.761,  -1965.212
1780,  6569.521,  5397.759,  -1965.419
1781,  6569.501,  5397.758,  -1965.634
1782,  6569.482,  5397.755,  -1965.858
1783,  6569.463,  5397.753,  -1966.090
1784,  6569.444,  5397.752,  -1966.330
1785,  6569.425,  5397.751,  -1966.577
1786,  6569.406,  5397.749,  -1966.826
1787,  6569.386,  5397.749,  -1967.082
1788,  6569.368,  5397.747,  -1967.341
1789,  6569.349,  5397.746,  -1967.604
1790,  6569.330,  5397.744,  -1967.867
1791,  6569.313,  5397.743,  -1968.134
1792,  6569.294,  5397.742,  -1968.400
1793,  6569.277,  5397.740,  -1968.666
1794,  6569.259,  5397.739,  -1968.932
1795,  6569.242,  5397.737,  -1969.196
1796,  6569.226,  5397.736,  -1969.458
1797,  6569.210,  5397.735,  -1969.716
1798,  6569.195,  5397.734,  -1969.969
1799,  6569.181,  5397.732,  -1970.217
1800,  6569.167,  5397.732,  -1970.461
1801,  6569.156,  5397.731,  -1970.698
1802,  6569.145,  5397.730,  -1970.927
1803,  6569.134,  5397.730,  -1971.148
1804,  6569.126,  5397.729,  -1971.361
1805,  6569.119,  5397.729,  -1971.565
1806,  6569.111,  5397.730,  -1971.760
1807,  6569.106,  5397.730,  -1971.944
1808,  6569.102,  5397.730,  -1972.118
1809,  6569.098,  5397.731,  -1972.282
1810,  6569.096,  5397.732,  -1972.434
1811,  6569.096,  5397.733,  -1972.575
1812,  6569.096,  5397.734,  -1972.703
1813,  6569.099,  5397.734,  -1972.820
1814,  6569.102,  5397.735,  -1972.923
1815,  6569.110,  5397.737,  -1973.054
1816,  6569.122,  5397.740,  -1973.179
1817,  6569.209,  5397.755,  -1973.090
1818,  6569.230,  5397.759,  -1972.970
1819,  6569.254,  5397.762,  -1972.819
1820,  6569.269,  5397.764,  -1972.702
1821,  6569.286,  5397.766,  -1972.572
1822,  6569.302,  5397.768,  -1972.431
1823,  6569.319,  5397.769,  -1972.275
1824,  6569.337,  5397.771,  -1972.110
1825,  6569.355,  5397.773,  -1971.934
1826,  6569.373,  5397.775,  -1971.747
1827,  6569.390,  5397.777,  -1971.549
1828,  6569.409,  5397.778,  -1971.342
1829,  6569.428,  5397.780,  -1971.127
1830,  6569.447,  5397.782,  -1970.903
1831,  6569.466,  5397.784,  -1970.671
1832,  6569.484,  5397.787,  -1970.432
1833,  6569.504,  5397.788,  -1970.188
1834,  6569.523,  5397.791,  -1969.939
1835,  6569.543,  5397.792,  -1969.685
1836,  6569.562,  5397.794,  -1969.428
1837,  6569.580,  5397.796,  -1969.169
1838,  6569.599,  5397.797,  -1968.907
1839,  6569.616,  5397.799,  -1968.644
1840,  6569.633,  5397.800,  -1968.381
1841,  6569.650,  5397.801,  -1968.119
1842,  6569.665,  5397.802,  -1967.857
1843,  6569.681,  5397.803,  -1967.598
1844,  6569.695,  5397.804,  -1967.341
1845,  6569.708,  5397.804,  -1967.087
1846,  6569.721,  5397.804,  -1966.837
1847,  6569.732,  5397.805,  -1966.591
1848,  6569.742,  5397.805,  -1966.350
1849,  6569.751,  5397.805,  -1966.115
1850,  6569.760,  5397.805,  -1965.888
1851,  6569.767,  5397.805,  -1965.667
1852,  6569.773,  5397.805,  -1965.456
1853,  6569.778,  5397.804,  -1965.252
1854,  6569.780,  5397.803,  -1965.058
1855,  6569.783,  5397.802,  -1964.875
1856,  6569.784,  5397.801,  -1964.704
1857,  6569.784,  5397.799,  -1964.543
1858,  6569.783,  5397.797,  -1964.396
1859,  6569.781,  5397.796,  -1964.263
1860,  6569.777,  5397.795,  -1964.143
1861,  6569.772,  5397.793,  -1964.038
1862,  6569.763,  5397.790,  -1963.904
1863,  6569.754,  5397.787,  -1963.803
1864,  6569.727,  5397.782,  -1963.702
1865,  6569.675,  5397.775,  -1963.805
1866,  6569.655,  5397.772,  -1963.904
1867,  6569.634,  5397.768,  -1964.038
1868,  6569.618,  5397.767,  -1964.146
1869,  6569.602,  5397.765,  -1964.267
1870,  6569.586,  5397.763,  -1964.401
1871,  6569.568,  5397.761,  -1964.548
1872,  6569.551,  5397.760,  -1964.707
1873,  6569.533,  5397.757,  -1964.878
1874,  6569.514,  5397.756,  -1965.059
1875,  6569.496,  5397.754,  -1965.251
1876,  6569.477,  5397.752,  -1965.453
1877,  6569.458,  5397.750,  -1965.661
1878,  6569.439,  5397.748,  -1965.877
1879,  6569.419,  5397.747,  -1966.102
1880,  6569.401,  5397.745,  -1966.334
1881,  6569.381,  5397.744,  -1966.572
1882,  6569.362,  5397.742,  -1966.815
1883,  6569.343,  5397.741,  -1967.063
1884,  6569.326,  5397.739,  -1967.315
1885,  6569.308,  5397.737,  -1967.571
1886,  6569.290,  5397.736,  -1967.830
1887,  6569.274,  5397.735,  -1968.092
1888,  6569.258,  5397.733,  -1968.353
1889,  6569.242,  5397.732,  -1968.616
1890,  6569.227,  5397.732,  -1968.879
1891,  6569.214,  5397.731,  -1969.141
1892,  6569.201,  5397.730,  -1969.400
1893,  6569.189,  5397.729,  -1969.656
1894,  6569.179,  5397.729,  -1969.909
1895,  6569.169,  5397.729,  -1970.156
1896,  6569.159,  5397.729,  -1970.398
1897,  6569.152,  5397.729,  -1970.634
1898,  6569.147,  5397.730,  -1970.865
1899,  6569.141,  5397.731,  -1971.086
1900,  6569.135,  5397.732,  -1971.299
1901,  6569.133,  5397.732,  -1971.503
1902,  6569.131,  5397.733,  -1971.699
1903,  6569.129,  5397.734,  -1971.885
1904,  6569.129,  5397.735,  -1972.060
1905,  6569.129,  5397.736,  -1972.224
1906,  6569.131,  5397.737,  -1972.378
1907,  6569.133,  5397.739,  -1972.519
1908,  6569.136,  5397.739,  -1972.646
1909,  6569.140,  5397.741,  -1972.763
1910,  6569.145,  5397.742,  -1972.865
1911,  6569.154,  5397.744,  -1972.993
1912,  6569.168,  5397.747,  -1973.113
1913,  6569.250,  5397.761,  -1973.050
1914,  6569.271,  5397.764,  -1972.945
1915,  6569.294,  5397.767,  -1972.809
1916,  6569.310,  5397.770,  -1972.703
1917,  6569.327,  5397.772,  -1972.585
1918,  6569.344,  5397.774,  -1972.455
1919,  6569.361,  5397.776,  -1972.313
1920,  6569.379,  5397.778,  -1972.159
1921,  6569.398,  5397.781,  -1971.995
1922,  6569.416,  5397.783,  -1971.818
1923,  6569.435,  5397.785,  -1971.633
1924,  6569.454,  5397.787,  -1971.437
1925,  6569.473,  5397.790,  -1971.232
1926,  6569.491,  5397.792,  -1971.019
1927,  6569.509,  5397.794,  -1970.795
1928,  6569.527,  5397.796,  -1970.565
1929,  6569.545,  5397.798,  -1970.330
1930,  6569.563,  5397.800,  -1970.088
1931,  6569.580,  5397.801,  -1969.841
1932,  6569.597,  5397.803,  -1969.590
1933,  6569.612,  5397.804,  -1969.336
1934,  6569.627,  5397.804,  -1969.078
1935,  6569.641,  5397.805,  -1968.819
1936,  6569.654,  5397.806,  -1968.559
1937,  6569.667,  5397.806,  -1968.297
1938,  6569.679,  5397.807,  -1968.036
1939,  6569.690,  5397.807,  -1967.776
1940,  6569.700,  5397.806,  -1967.517
1941,  6569.709,  5397.806,  -1967.261
1942,  6569.718,  5397.806,  -1967.008
1943,  6569.725,  5397.805,  -1966.759
1944,  6569.732,  5397.805,  -1966.516
1945,  6569.737,  5397.805,  -1966.278
1946,  6569.743,  5397.804,  -1966.047
1947,  6569.748,  5397.802,  -1965.823
1948,  6569.751,  5397.802,  -1965.610
1949,  6569.753,  5397.801,  -1965.404
1950,  6569.754,  5397.800,  -1965.209
1951,  6569.754,  5397.798,  -1965.024
1952,  6569.755,  5397.797,  -1964.851
1953,  6569.753,  5397.795,  -1964.690
1954,  6569.751,  5397.794,  -1964.540
1955,  6569.748,  5397.792,  -1964.403
1956,  6569.742,  5397.791,  -1964.280
1957,  6569.738,  5397.790,  -1964.170
1958,  6569.729,  5397.787,  -1964.029
1959,  6569.718,  5397.785,  -1963.919
1960,  6569.700,  5397.781,  -1963.820
1961,  6569.619,  5397.768,  -1963.901
1962,  6569.596,  5397.764,  -1964.005
1963,  6569.572,  5397.760,  -1964.143
1964,  6569.554,  5397.758,  -1964.251
1965,  6569.536,  5397.756,  -1964.373
1966,  6569.519,  5397.753,  -1964.506
1967,  6569.500,  5397.751,  -1964.653
1968,  6569.482,  5397.749,  -1964.812
1969,  6569.464,  5397.747,  -1964.982
1970,  6569.447,  5397.745,  -1965.162
1971,  6569.428,  5397.744,  -1965.352
1972,  6569.410,  5397.742,  -1965.552
1973,  6569.393,  5397.741,  -1965.760
1974,  6569.376,  5397.738,  -1965.975
1975,  6569.359,  5397.738,  -1966.200
1976,  6569.342,  5397.737,  -1966.432
1977,  6569.327,  5397.736,  -1966.672
1978,  6569.311,  5397.735,  -1966.916
1979,  6569.297,  5397.734,  -1967.165
1980,  6569.283,  5397.733,  -1967.419
1981,  6569.269,  5397.733,  -1967.676
1982,  6569.256,  5397.732,  -1967.936
1983,  6569.243,  5397.732,  -1968.197
1984,  6569.232,  5397.732,  -1968.459
1985,  6569.221,  5397.731,  -1968.720
1986,  6569.211,  5397.732,  -1968.981
1987,  6569.201,  5397.731,  -1969.239
1988,  6569.192,  5397.732,  -1969.494
1989,  6569.185,  5397.732,  -1969.745
1990,  6569.178,  5397.732,  -1969.991
1991,  6569.171,  5397.733,  -1970.232
1992,  6569.165,  5397.733,  -1970.466
1993,  6569.161,  5397.733,  -1970.695
1994,  6569.157,  5397.734,  -1970.916
1995,  6569.154,  5397.735,  -1971.130
1996,  6569.151,  5397.736,  -1971.335
1997,  6569.149,  5397.737,  -1971.532
1998,  6569.149,  5397.738,  -1971.719
1999,  6569.150,  5397.738,  -1971.895
2000,  6569.150,  5397.740,  -1972.063
