0.02; 6569.696; 5397.795; -1968.117
0.03; 6569.719; 5397.808; -1969.196
0.04; 6569.723; 5397.816; -1970.224
0.05; 6569.682; 5397.815; -1971.29
0.06; 6569.556; 5397.796; -1972.289
0.07; 6569.271; 5397.745; -1971.315
0.08; 6569.215; 5397.728; -1970.245
0.09; 6569.174; 5397.714; -1969.216
0.1; 6569.156; 5397.702; -1968.142
0.11; 6569.17; 5397.695; -1967.111
0.12; 6569.224; 5397.698; -1966.102
0.13; 6569.327; 5397.713; -1965.084
0.14; 6569.688; 5397.78; -1966.063
0.15; 6569.736; 5397.797; -1967.137
0.16; 6569.748; 5397.807; -1968.166
0.17; 6569.724; 5397.809; -1969.18
0.18; 6569.667; 5397.802; -1970.23
0.19; 6569.591; 5397.794; -1971.237
0.2; 6569.499; 5397.785; -1972.247
0.21; 6569.19; 5397.726; -1971.236
0.22; 6569.151; 5397.712; -1970.176
0.23; 6569.16; 5397.708; -1969.103
0.24; 6569.2; 5397.709; -1967.994
0.25; 6569.254; 5397.712; -1966.907
0.26; 6569.306; 5397.714; -1965.905
0.27; 6569.376; 5397.716; -1964.869
0.28; 6569.732; 5397.788; -1965.829
0.29; 6569.731; 5397.793; -1966.873
0.3; 6569.703; 5397.794; -1967.942
0.31; 6569.67; 5397.794; -1968.959
0.32; 6569.636; 5397.794; -1969.969
0.33; 6569.593; 5397.795; -1970.997
0.34; 6569.512; 5397.788; -1972.011
0.35; 6569.173; 5397.723; -1971.01
0.36; 6569.187; 5397.72; -1969.953
0.37; 6569.202; 5397.717; -1968.952
0.38; 6569.223; 5397.712; -1967.896
0.39; 6569.255; 5397.709; -1966.868
0.4; 6569.315; 5397.711; -1965.858
0.41; 6569.444; 5397.728; -1964.852
0.42; 6569.709; 5397.78; -1965.831
0.43; 6569.711; 5397.789; -1966.927
0.44; 6569.703; 5397.796; -1967.956
0.45; 6569.68; 5397.8; -1969.012
0.46; 6569.624; 5397.796; -1970.113
0.47; 6569.526; 5397.785; -1971.134
0.48; 6569.369; 5397.762; -1972.154
0.49; 6569.173; 5397.725; -1971.113
0.5; 6569.162; 5397.716; -1970.009
0.51; 6569.179; 5397.711; -1969.003
0.52; 6569.226; 5397.712; -1967.985
0.53; 6569.307; 5397.72; -1966.917
0.54; 6569.414; 5397.733; -1965.882
0.55; 6569.53; 5397.747; -1964.884
0.56; 6569.744; 5397.791; -1965.902
0.57; 6569.734; 5397.799; -1966.998
0.58; 6569.683; 5397.796; -1968.08
0.59; 6569.605; 5397.787; -1969.17
0.6; 6569.518; 5397.777; -1970.209
0.61; 6569.433; 5397.768; -1971.224
0.62; 6569.339; 5397.761; -1972.227
0.63; 6569.135; 5397.719; -1971.206
0.64; 6569.174; 5397.719; -1970.11
0.65; 6569.237; 5397.725; -1969.073
0.66; 6569.312; 5397.732; -1967.972
0.67; 6569.382; 5397.737; -1966.876
0.68; 6569.447; 5397.739; -1965.875
0.69; 6569.543; 5397.746; -1964.845
0.7; 6569.729; 5397.79; -1965.9
0.71; 6569.674; 5397.786; -1966.927
0.72; 6569.615; 5397.781; -1968.007
0.73; 6569.562; 5397.78; -1969.032
0.74; 6569.501; 5397.778; -1970.134
0.75; 6569.423; 5397.771; -1971.181
0.76; 6569.285; 5397.752; -1972.179
0.77; 6569.184; 5397.729; -1971.178
0.78; 6569.227; 5397.732; -1970.165
0.79; 6569.272; 5397.732; -1969.077
0.8; 6569.319; 5397.732; -1968.043
0.81; 6569.382; 5397.735; -1967.043
0.82; 6569.479; 5397.744; -1965.978
0.83; 6569.619; 5397.764; -1964.95
0.84; 6569.688; 5397.781; -1965.958
0.85; 6569.654; 5397.784; -1967.064
0.86; 6569.609; 5397.784; -1968.066
0.87; 6569.544; 5397.78; -1969.069
0.88; 6569.452; 5397.769; -1970.104
0.89; 6569.334; 5397.754; -1971.162
0.9; 6569.218; 5397.74; -1972.181
0.91; 6569.188; 5397.729; -1971.129
0.92; 6569.224; 5397.728; -1970.091
0.93; 6569.29; 5397.733; -1969.04
0.94; 6569.381; 5397.742; -1967.963
0.95; 6569.478; 5397.755; -1966.928
0.96; 6569.571; 5397.763; -1965.904
0.97; 6569.651; 5397.768; -1964.862
0.98; 6569.701; 5397.787; -1965.866
0.99; 6569.638; 5397.782; -1966.882
1.0; 6569.553; 5397.773; -1967.911
1.01; 6569.462; 5397.762; -1968.981
1.02; 6569.38; 5397.754; -1970.027
1.03; 6569.311; 5397.75; -1971.066
1.04; 6569.239; 5397.745; -1972.076
1.05; 6569.214; 5397.732; -1971.013
1.06; 6569.305; 5397.743; -1969.937
1.07; 6569.388; 5397.751; -1968.895
1.08; 6569.461; 5397.757; -1967.792
1.09; 6569.525; 5397.759; -1966.72
1.1; 6569.591; 5397.762; -1965.709
1.11; 6569.696; 5397.774; -1964.699
1.12; 6569.652; 5397.774; -1965.755
1.13; 6569.569; 5397.766; -1966.829
1.14; 6569.503; 5397.762; -1967.888
1.15; 6569.447; 5397.76; -1968.894
1.16; 6569.382; 5397.756; -1969.967
1.17; 6569.303; 5397.749; -1970.982
1.18; 6569.198; 5397.734; -1971.981
1.19; 6569.287; 5397.746; -1970.966
1.2; 6569.348; 5397.748; -1969.922
1.21; 6569.408; 5397.751; -1968.846
1.22; 6569.479; 5397.756; -1967.757
1.23; 6569.561; 5397.763; -1966.743
1.24; 6569.654; 5397.774; -1965.723
1.25; 6569.726; 5397.779; -1964.718
1.26; 6569.621; 5397.767; -1965.781
1.27; 6569.565; 5397.766; -1966.794
1.28; 6569.496; 5397.762; -1967.83
1.29; 6569.413; 5397.754; -1968.887
1.3; 6569.325; 5397.743; -1969.895
1.31; 6569.243; 5397.735; -1970.962
1.32; 6569.196; 5397.734; -1971.992
1.33; 6569.29; 5397.744; -1970.967
1.34; 6569.372; 5397.752; -1969.882
1.35; 6569.459; 5397.762; -1968.875
1.36; 6569.545; 5397.77; -1967.835
1.37; 6569.614; 5397.777; -1966.824
1.38; 6569.664; 5397.776; -1965.752
1.39; 6569.69; 5397.771; -1964.74
1.4; 6569.603; 5397.767; -1965.768
1.41; 6569.509; 5397.757; -1966.781
1.42; 6569.416; 5397.746; -1967.869
1.43; 6569.343; 5397.741; -1968.926
1.44; 6569.291; 5397.739; -1969.964
1.45; 6569.251; 5397.74; -1970.974
1.46; 6569.209; 5397.739; -1972.01
1.47; 6569.348; 5397.756; -1970.98
1.48; 6569.441; 5397.767; -1969.931
1.49; 6569.507; 5397.772; -1968.904
1.5; 6569.56; 5397.772; -1967.826
1.51; 6569.604; 5397.772; -1966.797
1.52; 6569.655; 5397.773; -1965.763
1.53; 6569.702; 5397.777; -1964.755
1.54; 6569.527; 5397.751; -1965.808
1.55; 6569.451; 5397.746; -1966.86
1.56; 6569.398; 5397.745; -1967.894
1.57; 6569.344; 5397.744; -1968.961
1.58; 6569.29; 5397.74; -1969.964
1.59; 6569.23; 5397.735; -1970.982
1.6; 6569.198; 5397.734; -1972.013
1.61; 6569.392; 5397.763; -1970.96
1.62; 6569.454; 5397.766; -1969.875
1.63; 6569.512; 5397.769; -1968.859
1.64; 6569.575; 5397.774; -1967.835
1.65; 6569.64; 5397.779; -1966.775
1.66; 6569.683; 5397.78; -1965.718
1.67; 6569.646; 5397.765; -1964.716
1.68; 6569.52; 5397.751; -1965.723
1.69; 6569.453; 5397.748; -1966.727
1.7; 6569.38; 5397.741; -1967.793
1.71; 6569.311; 5397.735; -1968.8
1.72; 6569.253; 5397.731; -1969.876
1.73; 6569.227; 5397.733; -1970.921
1.74; 6569.246; 5397.744; -1971.942
1.75; 6569.408; 5397.764; -1970.897
1.76; 6569.492; 5397.774; -1969.886
1.77; 6569.567; 5397.781; -1968.822
1.78; 6569.616; 5397.783; -1967.802
1.79; 6569.643; 5397.779; -1966.716
1.8; 6569.646; 5397.771; -1965.646
1.81; 6569.4; 5397.736; -1966.691
1.82; 6569.335; 5397.732; -1967.742
1.83; 6569.297; 5397.733; -1968.774
1.84; 6569.276; 5397.737; -1969.786
1.85; 6569.262; 5397.742; -1970.844
1.86; 6569.258; 5397.746; -1971.863
1.87; 6569.473; 5397.778; -1970.855
1.88; 6569.533; 5397.782; -1969.812
1.89; 6569.569; 5397.781; -1968.808
1.9; 6569.594; 5397.778; -1967.777
1.91; 6569.62; 5397.774; -1966.726
1.92; 6569.64; 5397.772; -1965.724
1.93; 6569.383; 5397.734; -1966.713
1.94; 6569.345; 5397.736; -1967.78
1.95; 6569.311; 5397.738; -1968.786
1.96; 6569.276; 5397.737; -1969.835
1.97; 6569.255; 5397.739; -1970.897
1.98; 6569.296; 5397.752; -1971.902
1.99; 6569.475; 5397.777; -1970.874
2.0; 6569.522; 5397.779; -1969.858
