1,  6569.458,  5397.761,  -1968.434
2,  6569.450,  5397.766,  -1968.534
3,  6569.455,  5397.766,  -1968.636
4,  6569.455,  5397.765,  -1968.737
5,  6569.454,  5397.764,  -1968.840
6,  6569.453,  5397.764,  -1968.948
7,  6569.454,  5397.765,  -1969.064
8,  6569.456,  5397.767,  -1969.169
9,  6569.457,  5397.768,  -1969.294
10,  6569.460,  5397.770,  -1969.408
11,  6569.462,  5397.772,  -1969.533
12,  6569.464,  5397.774,  -1969.636
13,  6569.467,  5397.777,  -1969.746
14,  6569.471,  5397.779,  -1969.864
15,  6569.475,  5397.781,  -1969.988
16,  6569.479,  5397.784,  -1970.118
17,  6569.483,  5397.786,  -1970.253
18,  6569.488,  5397.788,  -1970.394
19,  6569.493,  5397.791,  -1970.542
20,  6569.497,  5397.791,  -1970.642
21,  6569.501,  5397.793,  -1970.745
22,  6569.504,  5397.793,  -1970.848
23,  6569.508,  5397.794,  -1970.955
24,  6569.511,  5397.795,  -1971.061
25,  6569.515,  5397.795,  -1971.170
26,  6569.518,  5397.796,  -1971.280
27,  6569.521,  5397.797,  -1971.390
28,  6569.525,  5397.798,  -1971.500
29,  6569.528,  5397.799,  -1971.612
30,  6569.531,  5397.799,  -1971.723
31,  6569.534,  5397.799,  -1971.835
32,  6569.537,  5397.800,  -1971.947
33,  6569.540,  5397.800,  -1972.059
34,  6569.543,  5397.800,  -1972.173
35,  6569.546,  5397.801,  -1972.286
36,  6569.548,  5397.801,  -1972.400
37,  6569.551,  5397.801,  -1972.513
38,  6569.554,  5397.801,  -1972.625
39,  6569.556,  5397.801,  -1972.737
40,  6569.559,  5397.802,  -1972.849
41,  6569.562,  5397.802,  -1972.959
42,  6569.566,  5397.802,  -1973.068
43,  6569.569,  5397.802,  -1973.174
44,  6569.572,  5397.803,  -1973.280
45,  6569.576,  5397.804,  -1973.382
46,  6569.579,  5397.805,  -1973.483
47,  6569.585,  5397.806,  -1973.629
48,  6569.590,  5397.808,  -1973.767
49,  6569.596,  5397.810,  -1973.897
50,  6569.602,  5397.811,  -1974.016
51,  6569.608,  5397.812,  -1974.125
52,  6569.614,  5397.814,  -1974.251
53,  6569.620,  5397.816,  -1974.351
54,  6569.627,  5397.819,  -1974.456
55,  6569.623,  5397.822,  -1974.337
56,  6569.618,  5397.822,  -1974.215
57,  6569.614,  5397.821,  -1974.097
58,  6569.609,  5397.821,  -1973.956
59,  6569.605,  5397.820,  -1973.848
60,  6569.601,  5397.819,  -1973.730
61,  6569.596,  5397.817,  -1973.602
62,  6569.591,  5397.817,  -1973.462
63,  6569.586,  5397.816,  -1973.314
64,  6569.581,  5397.815,  -1973.156
65,  6569.576,  5397.813,  -1972.987
66,  6569.570,  5397.812,  -1972.808
67,  6569.565,  5397.810,  -1972.619
68,  6569.559,  5397.807,  -1972.421
69,  6569.552,  5397.805,  -1972.212
70,  6569.545,  5397.803,  -1971.995
71,  6569.538,  5397.801,  -1971.770
72,  6569.532,  5397.798,  -1971.537
73,  6569.524,  5397.795,  -1971.295
74,  6569.516,  5397.793,  -1971.046
75,  6569.508,  5397.790,  -1970.790
76,  6569.499,  5397.786,  -1970.527
77,  6569.490,  5397.783,  -1970.258
78,  6569.481,  5397.780,  -1969.984
79,  6569.472,  5397.776,  -1969.705
80,  6569.463,  5397.773,  -1969.422
81,  6569.453,  5397.769,  -1969.135
82,  6569.442,  5397.765,  -1968.844
83,  6569.432,  5397.761,  -1968.553
84,  6569.422,  5397.756,  -1968.259
85,  6569.410,  5397.753,  -1967.967
86,  6569.400,  5397.749,  -1967.677
87,  6569.389,  5397.746,  -1967.387
88,  6569.377,  5397.743,  -1967.101
89,  6569.367,  5397.739,  -1966.819
90,  6569.356,  5397.736,  -1966.541
91,  6569.346,  5397.733,  -1966.269
92,  6569.337,  5397.730,  -1966.003
93,  6569.327,  5397.726,  -1965.744
94,  6569.317,  5397.723,  -1965.493
95,  6569.310,  5397.719,  -1965.252
96,  6569.302,  5397.715,  -1965.022
97,  6569.294,  5397.712,  -1964.804
98,  6569.289,  5397.708,  -1964.597
99,  6569.283,  5397.705,  -1964.403
100,  6569.279,  5397.702,  -1964.224
101,  6569.275,  5397.700,  -1964.059
102,  6569.273,  5397.698,  -1963.907
103,  6569.271,  5397.696,  -1963.770
104,  6569.269,  5397.696,  -1963.650
105,  6569.269,  5397.695,  -1963.544
106,  6569.269,  5397.696,  -1963.414
107,  6569.274,  5397.696,  -1963.299
108,  6569.306,  5397.704,  -1963.409
109,  6569.314,  5397.706,  -1963.533
110,  6569.320,  5397.707,  -1963.636
111,  6569.327,  5397.708,  -1963.753
112,  6569.333,  5397.710,  -1963.885
113,  6569.340,  5397.712,  -1964.031
114,  6569.347,  5397.714,  -1964.193
115,  6569.354,  5397.717,  -1964.366
116,  6569.361,  5397.720,  -1964.552
117,  6569.369,  5397.724,  -1964.751
118,  6569.376,  5397.727,  -1964.961
119,  6569.385,  5397.731,  -1965.180
120,  6569.394,  5397.734,  -1965.410
121,  6569.403,  5397.737,  -1965.650
122,  6569.412,  5397.741,  -1965.898
123,  6569.422,  5397.745,  -1966.156
124,  6569.433,  5397.748,  -1966.421
125,  6569.443,  5397.751,  -1966.692
126,  6569.454,  5397.754,  -1966.970
127,  6569.464,  5397.758,  -1967.253
128,  6569.476,  5397.761,  -1967.541
129,  6569.487,  5397.765,  -1967.831
130,  6569.499,  5397.768,  -1968.123
131,  6569.509,  5397.772,  -1968.417
132,  6569.520,  5397.776,  -1968.710
133,  6569.531,  5397.780,  -1969.002
134,  6569.542,  5397.784,  -1969.294
135,  6569.552,  5397.788,  -1969.584
136,  6569.562,  5397.792,  -1969.867
137,  6569.571,  5397.796,  -1970.147
138,  6569.581,  5397.799,  -1970.421
139,  6569.589,  5397.803,  -1970.688
140,  6569.597,  5397.806,  -1970.948
141,  6569.604,  5397.809,  -1971.199
142,  6569.610,  5397.811,  -1971.441
143,  6569.616,  5397.813,  -1971.674
144,  6569.621,  5397.814,  -1971.897
145,  6569.624,  5397.816,  -1972.108
146,  6569.627,  5397.817,  -1972.310
147,  6569.629,  5397.818,  -1972.499
148,  6569.631,  5397.818,  -1972.676
149,  6569.632,  5397.819,  -1972.840
150,  6569.631,  5397.820,  -1972.991
151,  6569.631,  5397.820,  -1973.129
152,  6569.629,  5397.821,  -1973.251
153,  6569.627,  5397.821,  -1973.359
154,  6569.623,  5397.821,  -1973.494
155,  6569.618,  5397.822,  -1973.596
156,  6569.608,  5397.821,  -1973.700
157,  6569.587,  5397.816,  -1973.598
158,  6569.580,  5397.814,  -1973.498
159,  6569.572,  5397.811,  -1973.364
160,  6569.565,  5397.809,  -1973.258
161,  6569.557,  5397.808,  -1973.137
162,  6569.550,  5397.806,  -1973.002
163,  6569.543,  5397.804,  -1972.853
164,  6569.536,  5397.802,  -1972.691
165,  6569.526,  5397.801,  -1972.515
166,  6569.518,  5397.798,  -1972.326
167,  6569.508,  5397.796,  -1972.124
168,  6569.498,  5397.793,  -1971.910
169,  6569.488,  5397.791,  -1971.686
170,  6569.477,  5397.788,  -1971.451
171,  6569.465,  5397.785,  -1971.206
172,  6569.455,  5397.781,  -1970.953
173,  6569.444,  5397.777,  -1970.692
174,  6569.432,  5397.773,  -1970.424
175,  6569.421,  5397.769,  -1970.152
176,  6569.409,  5397.765,  -1969.873
177,  6569.398,  5397.761,  -1969.590
178,  6569.386,  5397.756,  -1969.303
179,  6569.375,  5397.752,  -1969.013
180,  6569.364,  5397.749,  -1968.723
181,  6569.354,  5397.745,  -1968.431
182,  6569.344,  5397.741,  -1968.140
183,  6569.336,  5397.738,  -1967.850
184,  6569.326,  5397.735,  -1967.562
185,  6569.319,  5397.731,  -1967.277
186,  6569.312,  5397.729,  -1966.997
187,  6569.306,  5397.726,  -1966.721
188,  6569.300,  5397.724,  -1966.452
189,  6569.296,  5397.721,  -1966.187
190,  6569.291,  5397.719,  -1965.930
191,  6569.288,  5397.717,  -1965.684
192,  6569.285,  5397.714,  -1965.444
193,  6569.283,  5397.712,  -1965.215
194,  6569.282,  5397.710,  -1964.996
195,  6569.282,  5397.708,  -1964.789
196,  6569.281,  5397.706,  -1964.593
197,  6569.282,  5397.704,  -1964.409
198,  6569.282,  5397.703,  -1964.238
199,  6569.283,  5397.702,  -1964.079
200,  6569.285,  5397.701,  -1963.934
201,  6569.286,  5397.701,  -1963.802
202,  6569.289,  5397.700,  -1963.685
203,  6569.292,  5397.700,  -1963.581
204,  6569.295,  5397.701,  -1963.456
205,  6569.303,  5397.701,  -1963.340
206,  6569.341,  5397.708,  -1963.452
207,  6569.352,  5397.710,  -1963.578
208,  6569.360,  5397.712,  -1963.685
209,  6569.369,  5397.714,  -1963.806
210,  6569.379,  5397.717,  -1963.943
211,  6569.389,  5397.720,  -1964.095
212,  6569.399,  5397.723,  -1964.261
213,  6569.409,  5397.727,  -1964.440
214,  6569.420,  5397.731,  -1964.631
215,  6569.432,  5397.735,  -1964.836
216,  6569.444,  5397.739,  -1965.051
217,  6569.455,  5397.743,  -1965.276
218,  6569.468,  5397.747,  -1965.513
219,  6569.480,  5397.750,  -1965.758
220,  6569.491,  5397.755,  -1966.011
221,  6569.503,  5397.759,  -1966.274
222,  6569.514,  5397.762,  -1966.542
223,  6569.526,  5397.766,  -1966.815
224,  6569.536,  5397.769,  -1967.094
225,  6569.546,  5397.773,  -1967.376
226,  6569.555,  5397.776,  -1967.661
227,  6569.565,  5397.779,  -1967.947
228,  6569.573,  5397.783,  -1968.235
229,  6569.581,  5397.786,  -1968.524
230,  6569.587,  5397.789,  -1968.811
231,  6569.594,  5397.792,  -1969.096
232,  6569.600,  5397.795,  -1969.378
233,  6569.604,  5397.798,  -1969.658
234,  6569.609,  5397.800,  -1969.932
235,  6569.613,  5397.803,  -1970.202
236,  6569.616,  5397.805,  -1970.466
237,  6569.619,  5397.807,  -1970.725
238,  6569.621,  5397.808,  -1970.975
239,  6569.623,  5397.810,  -1971.219
240,  6569.624,  5397.811,  -1971.455
241,  6569.625,  5397.813,  -1971.683
242,  6569.625,  5397.814,  -1971.901
243,  6569.626,  5397.814,  -1972.109
244,  6569.626,  5397.815,  -1972.308
245,  6569.626,  5397.816,  -1972.494
246,  6569.625,  5397.817,  -1972.669
247,  6569.623,  5397.818,  -1972.831
248,  6569.621,  5397.818,  -1972.981
249,  6569.619,  5397.819,  -1973.118
250,  6569.616,  5397.820,  -1973.240
251,  6569.612,  5397.821,  -1973.347
252,  6569.608,  5397.821,  -1973.481
253,  6569.602,  5397.821,  -1973.582
254,  6569.583,  5397.818,  -1973.682
255,  6569.551,  5397.810,  -1973.558
256,  6569.535,  5397.808,  -1973.448
257,  6569.521,  5397.803,  -1973.304
258,  6569.509,  5397.802,  -1973.190
259,  6569.497,  5397.799,  -1973.059
260,  6569.486,  5397.796,  -1972.915
261,  6569.474,  5397.794,  -1972.757
262,  6569.462,  5397.791,  -1972.586
263,  6569.450,  5397.789,  -1972.403
264,  6569.438,  5397.786,  -1972.207
265,  6569.426,  5397.783,  -1972.000
266,  6569.415,  5397.779,  -1971.783
267,  6569.405,  5397.776,  -1971.556
268,  6569.394,  5397.773,  -1971.321
269,  6569.383,  5397.770,  -1971.077
270,  6569.373,  5397.766,  -1970.826
271,  6569.364,  5397.763,  -1970.568
272,  6569.354,  5397.760,  -1970.305
273,  6569.346,  5397.756,  -1970.036
274,  6569.338,  5397.753,  -1969.762
275,  6569.330,  5397.750,  -1969.485
276,  6569.323,  5397.747,  -1969.206
277,  6569.318,  5397.744,  -1968.924
278,  6569.311,  5397.742,  -1968.639
279,  6569.305,  5397.740,  -1968.355
280,  6569.300,  5397.737,  -1968.070
281,  6569.296,  5397.735,  -1967.787
282,  6569.292,  5397.733,  -1967.505
283,  6569.288,  5397.731,  -1967.225
284,  6569.285,  5397.728,  -1966.948
285,  6569.283,  5397.726,  -1966.677
286,  6569.279,  5397.724,  -1966.410
287,  6569.277,  5397.721,  -1966.149
288,  6569.276,  5397.719,  -1965.895
289,  6569.275,  5397.717,  -1965.649
290,  6569.273,  5397.715,  -1965.412
291,  6569.272,  5397.712,  -1965.184
292,  6569.274,  5397.710,  -1964.966
293,  6569.273,  5397.708,  -1964.757
294,  6569.274,  5397.707,  -1964.562
295,  6569.276,  5397.706,  -1964.379
296,  6569.278,  5397.704,  -1964.208
297,  6569.282,  5397.703,  -1964.051
298,  6569.285,  5397.703,  -1963.907
299,  6569.288,  5397.703,  -1963.777
300,  6569.293,  5397.703,  -1963.664
301,  6569.301,  5397.704,  -1963.522
302,  6569.313,  5397.705,  -1963.417
303,  6569.338,  5397.708,  -1963.317
304,  6569.380,  5397.717,  -1963.422
305,  6569.397,  5397.720,  -1963.527
306,  6569.414,  5397.725,  -1963.670
307,  6569.426,  5397.728,  -1963.783
308,  6569.438,  5397.732,  -1963.911
309,  6569.450,  5397.735,  -1964.053
310,  6569.461,  5397.738,  -1964.208
311,  6569.472,  5397.742,  -1964.376
312,  6569.483,  5397.746,  -1964.556
313,  6569.494,  5397.750,  -1964.748
314,  6569.504,  5397.753,  -1964.952
315,  6569.515,  5397.756,  -1965.166
316,  6569.525,  5397.759,  -1965.388
317,  6569.534,  5397.762,  -1965.621
318,  6569.542,  5397.765,  -1965.862
319,  6569.550,  5397.768,  -1966.112
320,  6569.559,  5397.771,  -1966.370
321,  6569.566,  5397.774,  -1966.632
322,  6569.572,  5397.777,  -1966.900
323,  6569.579,  5397.779,  -1967.174
324,  6569.587,  5397.782,  -1967.452
325,  6569.592,  5397.785,  -1967.733
326,  6569.597,  5397.788,  -1968.015
327,  6569.601,  5397.791,  -1968.299
328,  6569.607,  5397.793,  -1968.585
329,  6569.612,  5397.796,  -1968.869
330,  6569.616,  5397.799,  -1969.152
331,  6569.620,  5397.801,  -1969.434
332,  6569.623,  5397.804,  -1969.712
333,  6569.627,  5397.806,  -1969.987
334,  6569.629,  5397.809,  -1970.258
335,  6569.632,  5397.811,  -1970.523
336,  6569.634,  5397.812,  -1970.781
337,  6569.635,  5397.813,  -1971.034
338,  6569.636,  5397.815,  -1971.279
339,  6569.635,  5397.817,  -1971.516
340,  6569.635,  5397.818,  -1971.743
341,  6569.633,  5397.818,  -1971.960
342,  6569.631,  5397.820,  -1972.167
343,  6569.628,  5397.821,  -1972.362
344,  6569.624,  5397.822,  -1972.545
345,  6569.618,  5397.822,  -1972.714
346,  6569.614,  5397.821,  -1972.869
347,  6569.607,  5397.822,  -1973.013
348,  6569.601,  5397.822,  -1973.140
349,  6569.594,  5397.821,  -1973.254
350,  6569.581,  5397.819,  -1973.395
351,  6569.567,  5397.818,  -1973.504
352,  6569.542,  5397.813,  -1973.607
353,  6569.480,  5397.800,  -1973.503
354,  6569.463,  5397.796,  -1973.397
355,  6569.447,  5397.793,  -1973.259
356,  6569.436,  5397.791,  -1973.149
357,  6569.425,  5397.789,  -1973.026
358,  6569.415,  5397.787,  -1972.889
359,  6569.405,  5397.785,  -1972.739
360,  6569.395,  5397.783,  -1972.576
361,  6569.386,  5397.781,  -1972.401
362,  6569.377,  5397.778,  -1972.214
363,  6569.368,  5397.776,  -1972.016
364,  6569.359,  5397.773,  -1971.807
365,  6569.351,  5397.771,  -1971.589
366,  6569.343,  5397.768,  -1971.361
367,  6569.335,  5397.765,  -1971.124
368,  6569.328,  5397.762,  -1970.878
369,  6569.320,  5397.759,  -1970.625
370,  6569.313,  5397.757,  -1970.365
371,  6569.306,  5397.754,  -1970.098
372,  6569.299,  5397.751,  -1969.827
373,  6569.293,  5397.748,  -1969.549
374,  6569.286,  5397.746,  -1969.270
375,  6569.280,  5397.743,  -1968.985
376,  6569.275,  5397.740,  -1968.700
377,  6569.269,  5397.738,  -1968.413
378,  6569.265,  5397.735,  -1968.125
379,  6569.261,  5397.732,  -1967.838
380,  6569.258,  5397.730,  -1967.554
381,  6569.255,  5397.727,  -1967.270
382,  6569.253,  5397.725,  -1966.992
383,  6569.251,  5397.723,  -1966.718
384,  6569.251,  5397.720,  -1966.451
385,  6569.251,  5397.718,  -1966.189
386,  6569.252,  5397.716,  -1965.934
387,  6569.254,  5397.715,  -1965.690
388,  6569.258,  5397.713,  -1965.454
389,  6569.262,  5397.711,  -1965.228
390,  6569.267,  5397.710,  -1965.012
391,  6569.273,  5397.709,  -1964.808
392,  6569.277,  5397.709,  -1964.615
393,  6569.284,  5397.709,  -1964.434
394,  6569.292,  5397.710,  -1964.267
395,  6569.301,  5397.711,  -1964.113
396,  6569.309,  5397.712,  -1963.973
397,  6569.319,  5397.712,  -1963.847
398,  6569.329,  5397.714,  -1963.735
399,  6569.344,  5397.715,  -1963.596
400,  6569.361,  5397.717,  -1963.492
401,  6569.394,  5397.723,  -1963.388
402,  6569.442,  5397.732,  -1963.499
403,  6569.458,  5397.736,  -1963.605
404,  6569.473,  5397.739,  -1963.744
405,  6569.483,  5397.742,  -1963.857
406,  6569.493,  5397.744,  -1963.983
407,  6569.503,  5397.747,  -1964.122
408,  6569.512,  5397.750,  -1964.276
409,  6569.522,  5397.753,  -1964.443
410,  6569.531,  5397.756,  -1964.623
411,  6569.541,  5397.759,  -1964.817
412,  6569.550,  5397.762,  -1965.021
413,  6569.559,  5397.765,  -1965.236
414,  6569.567,  5397.768,  -1965.462
415,  6569.577,  5397.770,  -1965.698
416,  6569.584,  5397.773,  -1965.942
417,  6569.592,  5397.777,  -1966.197
418,  6569.600,  5397.780,  -1966.456
419,  6569.607,  5397.783,  -1966.724
420,  6569.614,  5397.786,  -1966.997
421,  6569.621,  5397.789,  -1967.274
422,  6569.627,  5397.792,  -1967.555
423,  6569.633,  5397.795,  -1967.838
424,  6569.638,  5397.799,  -1968.124
425,  6569.642,  5397.801,  -1968.409
426,  6569.646,  5397.804,  -1968.695
427,  6569.648,  5397.807,  -1968.979
428,  6569.650,  5397.809,  -1969.261
429,  6569.651,  5397.811,  -1969.541
430,  6569.652,  5397.812,  -1969.816
431,  6569.650,  5397.814,  -1970.086
432,  6569.649,  5397.815,  -1970.352
433,  6569.645,  5397.816,  -1970.610
434,  6569.642,  5397.816,  -1970.862
435,  6569.637,  5397.817,  -1971.108
436,  6569.632,  5397.818,  -1971.344
437,  6569.626,  5397.818,  -1971.571
438,  6569.620,  5397.817,  -1971.788
439,  6569.611,  5397.817,  -1971.995
440,  6569.604,  5397.817,  -1972.192
441,  6569.595,  5397.816,  -1972.375
442,  6569.587,  5397.816,  -1972.548
443,  6569.578,  5397.815,  -1972.708
444,  6569.568,  5397.814,  -1972.856
445,  6569.559,  5397.814,  -1972.991
446,  6569.549,  5397.812,  -1973.113
447,  6569.539,  5397.811,  -1973.222
448,  6569.524,  5397.809,  -1973.357
449,  6569.509,  5397.807,  -1973.462
450,  6569.483,  5397.803,  -1973.565
451,  6569.428,  5397.792,  -1973.460
452,  6569.413,  5397.790,  -1973.354
453,  6569.397,  5397.787,  -1973.211
454,  6569.387,  5397.784,  -1973.098
455,  6569.376,  5397.782,  -1972.970
456,  6569.366,  5397.780,  -1972.829
457,  6569.355,  5397.778,  -1972.674
458,  6569.346,  5397.775,  -1972.506
459,  6569.336,  5397.772,  -1972.325
460,  6569.326,  5397.770,  -1972.132
461,  6569.316,  5397.767,  -1971.929
462,  6569.307,  5397.764,  -1971.714
463,  6569.297,  5397.761,  -1971.489
464,  6569.288,  5397.758,  -1971.255
465,  6569.280,  5397.755,  -1971.014
466,  6569.272,  5397.752,  -1970.762
467,  6569.265,  5397.749,  -1970.504
468,  6569.259,  5397.746,  -1970.241
469,  6569.253,  5397.743,  -1969.972
470,  6569.248,  5397.741,  -1969.699
471,  6569.243,  5397.739,  -1969.421
472,  6569.241,  5397.736,  -1969.142
473,  6569.238,  5397.734,  -1968.860
474,  6569.237,  5397.732,  -1968.577
475,  6569.237,  5397.730,  -1968.294
476,  6569.237,  5397.728,  -1968.011
477,  6569.239,  5397.726,  -1967.732
478,  6569.241,  5397.725,  -1967.454
479,  6569.245,  5397.723,  -1967.179
480,  6569.249,  5397.722,  -1966.910
481,  6569.255,  5397.720,  -1966.645
482,  6569.258,  5397.720,  -1966.387
483,  6569.264,  5397.720,  -1966.135
484,  6569.271,  5397.719,  -1965.889
485,  6569.278,  5397.719,  -1965.653
486,  6569.285,  5397.718,  -1965.424
487,  6569.293,  5397.718,  -1965.205
488,  6569.302,  5397.717,  -1964.994
489,  6569.310,  5397.718,  -1964.794
490,  6569.319,  5397.718,  -1964.605
491,  6569.328,  5397.718,  -1964.428
492,  6569.337,  5397.719,  -1964.263
493,  6569.348,  5397.719,  -1964.112
494,  6569.357,  5397.719,  -1963.973
495,  6569.366,  5397.721,  -1963.848
496,  6569.377,  5397.721,  -1963.738
497,  6569.392,  5397.723,  -1963.601
498,  6569.409,  5397.724,  -1963.498
499,  6569.441,  5397.729,  -1963.402
500,  6569.485,  5397.738,  -1963.502
501,  6569.503,  5397.741,  -1963.605
502,  6569.521,  5397.745,  -1963.744
503,  6569.533,  5397.748,  -1963.856
504,  6569.544,  5397.751,  -1963.982
505,  6569.556,  5397.754,  -1964.123
506,  6569.567,  5397.758,  -1964.278
507,  6569.578,  5397.761,  -1964.447
508,  6569.589,  5397.764,  -1964.629
509,  6569.598,  5397.768,  -1964.823
510,  6569.608,  5397.771,  -1965.029
511,  6569.617,  5397.774,  -1965.244
512,  6569.625,  5397.777,  -1965.470
513,  6569.633,  5397.780,  -1965.705
514,  6569.640,  5397.782,  -1965.946
515,  6569.646,  5397.785,  -1966.197
516,  6569.651,  5397.788,  -1966.454
517,  6569.655,  5397.791,  -1966.716
518,  6569.658,  5397.793,  -1966.984
519,  6569.661,  5397.795,  -1967.254
520,  6569.662,  5397.797,  -1967.528
521,  6569.664,  5397.799,  -1967.804
522,  6569.663,  5397.801,  -1968.082
523,  6569.662,  5397.803,  -1968.361
524,  6569.660,  5397.804,  -1968.640
525,  6569.657,  5397.806,  -1968.918
526,  6569.653,  5397.807,  -1969.194
527,  6569.649,  5397.808,  -1969.468
528,  6569.644,  5397.808,  -1969.739
529,  6569.640,  5397.808,  -1970.006
530,  6569.635,  5397.808,  -1970.269
531,  6569.628,  5397.809,  -1970.526
532,  6569.623,  5397.809,  -1970.779
533,  6569.615,  5397.809,  -1971.024
534,  6569.609,  5397.809,  -1971.263
535,  6569.601,  5397.809,  -1971.492
536,  6569.593,  5397.809,  -1971.712
537,  6569.585,  5397.809,  -1971.921
538,  6569.577,  5397.809,  -1972.122
539,  6569.569,  5397.808,  -1972.312
540,  6569.560,  5397.808,  -1972.489
541,  6569.551,  5397.808,  -1972.654
542,  6569.541,  5397.807,  -1972.808
543,  6569.531,  5397.807,  -1972.949
544,  6569.522,  5397.806,  -1973.076
545,  6569.511,  5397.804,  -1973.188
546,  6569.495,  5397.803,  -1973.330
547,  6569.478,  5397.800,  -1973.438
548,  6569.447,  5397.796,  -1973.544
549,  6569.385,  5397.783,  -1973.459
550,  6569.366,  5397.780,  -1973.360
551,  6569.348,  5397.776,  -1973.226
552,  6569.336,  5397.774,  -1973.120
553,  6569.325,  5397.771,  -1972.999
554,  6569.314,  5397.768,  -1972.864
555,  6569.303,  5397.766,  -1972.717
556,  6569.293,  5397.763,  -1972.556
557,  6569.284,  5397.761,  -1972.385
558,  6569.275,  5397.758,  -1972.202
559,  6569.267,  5397.756,  -1972.008
560,  6569.261,  5397.753,  -1971.803
561,  6569.255,  5397.751,  -1971.591
562,  6569.250,  5397.749,  -1971.368
563,  6569.245,  5397.747,  -1971.137
564,  6569.242,  5397.745,  -1970.896
565,  6569.238,  5397.743,  -1970.649
566,  6569.237,  5397.741,  -1970.395
567,  6569.236,  5397.740,  -1970.137
568,  6569.236,  5397.738,  -1969.872
569,  6569.237,  5397.736,  -1969.603
570,  6569.237,  5397.735,  -1969.331
571,  6569.240,  5397.734,  -1969.054
572,  6569.242,  5397.732,  -1968.776
573,  6569.244,  5397.731,  -1968.498
574,  6569.247,  5397.730,  -1968.218
575,  6569.252,  5397.729,  -1967.938
576,  6569.256,  5397.727,  -1967.659
577,  6569.260,  5397.726,  -1967.383
578,  6569.265,  5397.725,  -1967.111
579,  6569.270,  5397.724,  -1966.843
580,  6569.277,  5397.723,  -1966.578
581,  6569.282,  5397.722,  -1966.319
582,  6569.289,  5397.721,  -1966.066
583,  6569.295,  5397.721,  -1965.821
584,  6569.304,  5397.721,  -1965.585
585,  6569.313,  5397.720,  -1965.356
586,  6569.321,  5397.719,  -1965.136
587,  6569.331,  5397.720,  -1964.928
588,  6569.341,  5397.719,  -1964.729
589,  6569.351,  5397.720,  -1964.545
590,  6569.362,  5397.721,  -1964.372
591,  6569.374,  5397.721,  -1964.213
592,  6569.385,  5397.722,  -1964.066
593,  6569.397,  5397.723,  -1963.936
594,  6569.411,  5397.724,  -1963.820
595,  6569.423,  5397.726,  -1963.719
596,  6569.442,  5397.729,  -1963.598
597,  6569.470,  5397.733,  -1963.490
598,  6569.550,  5397.748,  -1963.550
599,  6569.569,  5397.752,  -1963.651
600,  6569.586,  5397.756,  -1963.787
601,  6569.596,  5397.759,  -1963.895
602,  6569.606,  5397.762,  -1964.018
603,  6569.616,  5397.764,  -1964.153
604,  6569.624,  5397.767,  -1964.303
605,  6569.632,  5397.769,  -1964.466
606,  6569.638,  5397.772,  -1964.640
607,  6569.644,  5397.774,  -1964.827
608,  6569.650,  5397.776,  -1965.025
609,  6569.654,  5397.778,  -1965.233
610,  6569.658,  5397.780,  -1965.452
611,  6569.661,  5397.783,  -1965.679
612,  6569.664,  5397.784,  -1965.915
613,  6569.666,  5397.786,  -1966.158
614,  6569.667,  5397.788,  -1966.408
615,  6569.668,  5397.789,  -1966.666
616,  6569.668,  5397.792,  -1966.929
617,  6569.668,  5397.793,  -1967.197
618,  6569.667,  5397.795,  -1967.469
619,  6569.665,  5397.797,  -1967.745
620,  6569.662,  5397.799,  -1968.022
621,  6569.659,  5397.800,  -1968.302
622,  6569.657,  5397.801,  -1968.582
623,  6569.653,  5397.803,  -1968.862
624,  6569.650,  5397.804,  -1969.141
625,  6569.645,  5397.804,  -1969.417
626,  6569.640,  5397.805,  -1969.692
627,  6569.634,  5397.806,  -1969.962
628,  6569.628,  5397.806,  -1970.229
629,  6569.621,  5397.807,  -1970.489
630,  6569.613,  5397.806,  -1970.742
631,  6569.605,  5397.807,  -1970.988
632,  6569.596,  5397.806,  -1971.225
633,  6569.586,  5397.806,  -1971.455
634,  6569.577,  5397.806,  -1971.674
635,  6569.566,  5397.805,  -1971.884
636,  6569.554,  5397.805,  -1972.082
637,  6569.543,  5397.803,  -1972.269
638,  6569.530,  5397.802,  -1972.443
639,  6569.518,  5397.801,  -1972.606
640,  6569.505,  5397.799,  -1972.756
641,  6569.491,  5397.798,  -1972.893
642,  6569.477,  5397.796,  -1973.017
643,  6569.463,  5397.794,  -1973.127
644,  6569.442,  5397.791,  -1973.266
645,  6569.420,  5397.788,  -1973.371
646,  6569.386,  5397.782,  -1973.473
647,  6569.321,  5397.770,  -1973.377
648,  6569.306,  5397.767,  -1973.274
649,  6569.293,  5397.764,  -1973.140
650,  6569.285,  5397.762,  -1973.034
651,  6569.277,  5397.761,  -1972.913
652,  6569.270,  5397.759,  -1972.780
653,  6569.263,  5397.757,  -1972.634
654,  6569.258,  5397.756,  -1972.476
655,  6569.253,  5397.754,  -1972.305
656,  6569.248,  5397.752,  -1972.122
657,  6569.243,  5397.750,  -1971.928
658,  6569.240,  5397.749,  -1971.723
659,  6569.236,  5397.747,  -1971.506
660,  6569.234,  5397.745,  -1971.281
661,  6569.231,  5397.744,  -1971.047
662,  6569.230,  5397.742,  -1970.805
663,  6569.228,  5397.740,  -1970.554
664,  6569.228,  5397.739,  -1970.297
665,  6569.228,  5397.737,  -1970.033
666,  6569.228,  5397.735,  -1969.764
667,  6569.230,  5397.734,  -1969.492
668,  6569.232,  5397.732,  -1969.215
669,  6569.236,  5397.731,  -1968.937
670,  6569.239,  5397.729,  -1968.657
671,  6569.243,  5397.728,  -1968.377
672,  6569.248,  5397.727,  -1968.097
673,  6569.253,  5397.726,  -1967.818
674,  6569.259,  5397.724,  -1967.540
675,  6569.266,  5397.723,  -1967.266
676,  6569.274,  5397.723,  -1966.996
677,  6569.283,  5397.723,  -1966.731
678,  6569.292,  5397.723,  -1966.474
679,  6569.303,  5397.723,  -1966.221
680,  6569.313,  5397.723,  -1965.975
681,  6569.325,  5397.723,  -1965.737
682,  6569.338,  5397.724,  -1965.508
683,  6569.350,  5397.724,  -1965.288
684,  6569.364,  5397.725,  -1965.080
685,  6569.377,  5397.726,  -1964.882
686,  6569.392,  5397.727,  -1964.695
687,  6569.405,  5397.729,  -1964.521
688,  6569.420,  5397.730,  -1964.357
689,  6569.434,  5397.731,  -1964.207
690,  6569.448,  5397.733,  -1964.070
691,  6569.462,  5397.734,  -1963.947
692,  6569.476,  5397.736,  -1963.839
693,  6569.496,  5397.739,  -1963.704
694,  6569.516,  5397.742,  -1963.602
695,  6569.547,  5397.746,  -1963.503
696,  6569.599,  5397.756,  -1963.599
697,  6569.612,  5397.758,  -1963.701
698,  6569.625,  5397.761,  -1963.839
699,  6569.633,  5397.764,  -1963.951
700,  6569.640,  5397.766,  -1964.076
701,  6569.647,  5397.768,  -1964.215
702,  6569.653,  5397.770,  -1964.368
703,  6569.658,  5397.772,  -1964.535
704,  6569.664,  5397.774,  -1964.715
705,  6569.669,  5397.776,  -1964.906
706,  6569.672,  5397.779,  -1965.110
707,  6569.676,  5397.781,  -1965.323
708,  6569.679,  5397.783,  -1965.546
709,  6569.682,  5397.785,  -1965.777
710,  6569.683,  5397.787,  -1966.018
711,  6569.684,  5397.789,  -1966.267
712,  6569.685,  5397.791,  -1966.522
713,  6569.685,  5397.793,  -1966.783
714,  6569.684,  5397.795,  -1967.050
715,  6569.681,  5397.796,  -1967.319
716,  6569.678,  5397.798,  -1967.592
717,  6569.674,  5397.799,  -1967.869
718,  6569.669,  5397.800,  -1968.145
719,  6569.664,  5397.801,  -1968.423
720,  6569.656,  5397.801,  -1968.700
721,  6569.649,  5397.802,  -1968.976
722,  6569.641,  5397.802,  -1969.250
723,  6569.632,  5397.802,  -1969.522
724,  6569.622,  5397.801,  -1969.788
725,  6569.612,  5397.801,  -1970.051
726,  6569.601,  5397.800,  -1970.307
727,  6569.590,  5397.800,  -1970.559
728,  6569.577,  5397.799,  -1970.804
729,  6569.565,  5397.798,  -1971.040
730,  6569.551,  5397.797,  -1971.269
731,  6569.538,  5397.796,  -1971.489
732,  6569.524,  5397.795,  -1971.701
733,  6569.511,  5397.793,  -1971.903
734,  6569.497,  5397.792,  -1972.095
735,  6569.483,  5397.791,  -1972.276
736,  6569.470,  5397.789,  -1972.446
737,  6569.456,  5397.788,  -1972.606
738,  6569.443,  5397.786,  -1972.751
739,  6569.431,  5397.784,  -1972.884
740,  6569.418,  5397.783,  -1973.006
741,  6569.405,  5397.782,  -1973.113
742,  6569.386,  5397.780,  -1973.249
743,  6569.368,  5397.778,  -1973.353
744,  6569.340,  5397.773,  -1973.449
745,  6569.286,  5397.764,  -1973.334
746,  6569.273,  5397.761,  -1973.224
747,  6569.261,  5397.758,  -1973.080
748,  6569.253,  5397.756,  -1972.966
749,  6569.246,  5397.755,  -1972.840
750,  6569.240,  5397.752,  -1972.698
751,  6569.233,  5397.750,  -1972.545
752,  6569.227,  5397.749,  -1972.380
753,  6569.221,  5397.747,  -1972.200
754,  6569.218,  5397.745,  -1972.010
755,  6569.215,  5397.743,  -1971.809
756,  6569.212,  5397.742,  -1971.598
757,  6569.210,  5397.740,  -1971.377
758,  6569.209,  5397.739,  -1971.147
759,  6569.209,  5397.737,  -1970.909
760,  6569.210,  5397.736,  -1970.664
761,  6569.213,  5397.734,  -1970.413
762,  6569.216,  5397.733,  -1970.157
763,  6569.220,  5397.732,  -1969.895
764,  6569.225,  5397.731,  -1969.630
765,  6569.230,  5397.730,  -1969.361
766,  6569.238,  5397.729,  -1969.090
767,  6569.244,  5397.729,  -1968.817
768,  6569.252,  5397.729,  -1968.544
769,  6569.262,  5397.729,  -1968.271
770,  6569.271,  5397.729,  -1967.997
771,  6569.282,  5397.730,  -1967.727
772,  6569.292,  5397.729,  -1967.455
773,  6569.304,  5397.729,  -1967.188
774,  6569.316,  5397.730,  -1966.925
775,  6569.328,  5397.730,  -1966.667
776,  6569.341,  5397.731,  -1966.414
777,  6569.354,  5397.732,  -1966.167
778,  6569.367,  5397.732,  -1965.925
779,  6569.380,  5397.733,  -1965.693
780,  6569.393,  5397.733,  -1965.466
781,  6569.406,  5397.734,  -1965.249
782,  6569.420,  5397.735,  -1965.044
783,  6569.432,  5397.736,  -1964.849
784,  6569.446,  5397.736,  -1964.664
785,  6569.458,  5397.737,  -1964.491
786,  6569.471,  5397.738,  -1964.330
787,  6569.483,  5397.739,  -1964.183
788,  6569.496,  5397.740,  -1964.050
789,  6569.509,  5397.741,  -1963.930
790,  6569.521,  5397.742,  -1963.824
791,  6569.540,  5397.744,  -1963.693
792,  6569.564,  5397.747,  -1963.572
793,  6569.639,  5397.762,  -1963.650
794,  6569.653,  5397.765,  -1963.768
795,  6569.665,  5397.769,  -1963.921
796,  6569.672,  5397.771,  -1964.041
797,  6569.678,  5397.773,  -1964.172
798,  6569.684,  5397.776,  -1964.319
799,  6569.689,  5397.777,  -1964.478
800,  6569.693,  5397.780,  -1964.651
801,  6569.696,  5397.782,  -1964.835
802,  6569.699,  5397.784,  -1965.029
803,  6569.699,  5397.787,  -1965.235
804,  6569.700,  5397.787,  -1965.448
805,  6569.699,  5397.789,  -1965.671
806,  6569.697,  5397.790,  -1965.901
807,  6569.694,  5397.791,  -1966.139
808,  6569.690,  5397.792,  -1966.385
809,  6569.684,  5397.793,  -1966.635
810,  6569.679,  5397.794,  -1966.894
811,  6569.673,  5397.794,  -1967.155
812,  6569.667,  5397.794,  -1967.421
813,  6569.658,  5397.795,  -1967.690
814,  6569.649,  5397.795,  -1967.961
815,  6569.640,  5397.795,  -1968.235
816,  6569.631,  5397.795,  -1968.508
817,  6569.621,  5397.795,  -1968.781
818,  6569.610,  5397.795,  -1969.054
819,  6569.599,  5397.795,  -1969.323
820,  6569.588,  5397.794,  -1969.591
821,  6569.575,  5397.794,  -1969.855
822,  6569.564,  5397.793,  -1970.116
823,  6569.552,  5397.793,  -1970.371
824,  6569.540,  5397.792,  -1970.620
825,  6569.528,  5397.791,  -1970.863
826,  6569.515,  5397.791,  -1971.099
827,  6569.503,  5397.790,  -1971.328
828,  6569.490,  5397.790,  -1971.548
829,  6569.478,  5397.789,  -1971.759
830,  6569.465,  5397.787,  -1971.959
831,  6569.452,  5397.786,  -1972.147
832,  6569.440,  5397.785,  -1972.327
833,  6569.426,  5397.784,  -1972.494
834,  6569.414,  5397.783,  -1972.650
835,  6569.400,  5397.782,  -1972.791
836,  6569.386,  5397.780,  -1972.919
837,  6569.373,  5397.779,  -1973.034
838,  6569.360,  5397.778,  -1973.134
839,  6569.342,  5397.774,  -1973.256
840,  6569.316,  5397.771,  -1973.365
841,  6569.241,  5397.756,  -1973.282
842,  6569.228,  5397.754,  -1973.173
843,  6569.218,  5397.751,  -1973.031
844,  6569.212,  5397.750,  -1972.920
845,  6569.207,  5397.748,  -1972.795
846,  6569.203,  5397.747,  -1972.660
847,  6569.200,  5397.747,  -1972.512
848,  6569.198,  5397.745,  -1972.350
849,  6569.197,  5397.744,  -1972.177
850,  6569.198,  5397.743,  -1971.992
851,  6569.198,  5397.743,  -1971.797
852,  6569.201,  5397.742,  -1971.593
853,  6569.204,  5397.741,  -1971.379
854,  6569.208,  5397.740,  -1971.157
855,  6569.213,  5397.740,  -1970.925
856,  6569.219,  5397.740,  -1970.688
857,  6569.224,  5397.739,  -1970.443
858,  6569.231,  5397.739,  -1970.191
859,  6569.238,  5397.738,  -1969.932
860,  6569.245,  5397.738,  -1969.670
861,  6569.253,  5397.738,  -1969.404
862,  6569.261,  5397.738,  -1969.137
863,  6569.271,  5397.738,  -1968.865
864,  6569.280,  5397.738,  -1968.592
865,  6569.290,  5397.738,  -1968.318
866,  6569.300,  5397.738,  -1968.043
867,  6569.310,  5397.738,  -1967.770
868,  6569.321,  5397.738,  -1967.498
869,  6569.333,  5397.738,  -1967.230
870,  6569.344,  5397.739,  -1966.965
871,  6569.356,  5397.738,  -1966.703
872,  6569.369,  5397.739,  -1966.448
873,  6569.381,  5397.738,  -1966.197
874,  6569.395,  5397.738,  -1965.954
875,  6569.408,  5397.739,  -1965.722
876,  6569.421,  5397.740,  -1965.498
877,  6569.436,  5397.741,  -1965.282
878,  6569.449,  5397.742,  -1965.077
879,  6569.463,  5397.743,  -1964.882
880,  6569.477,  5397.743,  -1964.698
881,  6569.492,  5397.744,  -1964.527
882,  6569.506,  5397.746,  -1964.370
883,  6569.520,  5397.748,  -1964.227
884,  6569.534,  5397.749,  -1964.097
885,  6569.548,  5397.751,  -1963.980
886,  6569.562,  5397.753,  -1963.877
887,  6569.582,  5397.756,  -1963.751
888,  6569.607,  5397.760,  -1963.635
889,  6569.678,  5397.773,  -1963.739
890,  6569.687,  5397.775,  -1963.860
891,  6569.692,  5397.778,  -1964.016
892,  6569.695,  5397.779,  -1964.135
893,  6569.697,  5397.780,  -1964.268
894,  6569.697,  5397.781,  -1964.414
895,  6569.698,  5397.782,  -1964.573
896,  6569.696,  5397.784,  -1964.745
897,  6569.695,  5397.785,  -1964.928
898,  6569.693,  5397.786,  -1965.121
899,  6569.689,  5397.787,  -1965.326
900,  6569.685,  5397.788,  -1965.539
901,  6569.681,  5397.788,  -1965.761
902,  6569.676,  5397.789,  -1965.994
903,  6569.671,  5397.789,  -1966.235
904,  6569.666,  5397.790,  -1966.482
905,  6569.659,  5397.790,  -1966.735
906,  6569.651,  5397.791,  -1966.994
907,  6569.644,  5397.791,  -1967.258
908,  6569.636,  5397.792,  -1967.527
909,  6569.628,  5397.792,  -1967.798
910,  6569.619,  5397.792,  -1968.071
911,  6569.609,  5397.793,  -1968.346
912,  6569.600,  5397.792,  -1968.621
913,  6569.589,  5397.792,  -1968.894
914,  6569.578,  5397.792,  -1969.166
915,  6569.566,  5397.793,  -1969.436
916,  6569.554,  5397.792,  -1969.701
917,  6569.542,  5397.791,  -1969.963
918,  6569.529,  5397.791,  -1970.220
919,  6569.516,  5397.790,  -1970.471
920,  6569.501,  5397.789,  -1970.716
921,  6569.488,  5397.788,  -1970.954
922,  6569.473,  5397.787,  -1971.182
923,  6569.460,  5397.785,  -1971.402
924,  6569.445,  5397.784,  -1971.614
925,  6569.429,  5397.782,  -1971.814
926,  6569.414,  5397.781,  -1972.005
927,  6569.400,  5397.779,  -1972.186
928,  6569.384,  5397.777,  -1972.353
929,  6569.369,  5397.775,  -1972.510
930,  6569.355,  5397.774,  -1972.654
931,  6569.341,  5397.772,  -1972.786
932,  6569.327,  5397.770,  -1972.904
933,  6569.314,  5397.768,  -1973.010
934,  6569.294,  5397.767,  -1973.143
935,  6569.279,  5397.763,  -1973.245
936,  6569.253,  5397.760,  -1973.343
937,  6569.215,  5397.753,  -1973.246
938,  6569.210,  5397.751,  -1973.145
939,  6569.205,  5397.750,  -1973.013
940,  6569.203,  5397.749,  -1972.906
941,  6569.201,  5397.748,  -1972.786
942,  6569.201,  5397.747,  -1972.653
943,  6569.201,  5397.747,  -1972.508
944,  6569.202,  5397.746,  -1972.350
945,  6569.204,  5397.746,  -1972.179
946,  6569.205,  5397.745,  -1971.996
947,  6569.208,  5397.744,  -1971.802
948,  6569.212,  5397.743,  -1971.598
949,  6569.216,  5397.743,  -1971.383
950,  6569.220,  5397.742,  -1971.160
951,  6569.225,  5397.742,  -1970.928
952,  6569.231,  5397.741,  -1970.690
953,  6569.237,  5397.741,  -1970.444
954,  6569.244,  5397.740,  -1970.192
955,  6569.251,  5397.740,  -1969.934
956,  6569.259,  5397.739,  -1969.672
957,  6569.269,  5397.739,  -1969.407
958,  6569.278,  5397.739,  -1969.138
959,  6569.288,  5397.739,  -1968.868
960,  6569.299,  5397.740,  -1968.597
961,  6569.311,  5397.740,  -1968.325
962,  6569.323,  5397.740,  -1968.052
963,  6569.336,  5397.740,  -1967.782
964,  6569.349,  5397.740,  -1967.513
965,  6569.363,  5397.741,  -1967.249
966,  6569.378,  5397.742,  -1966.990
967,  6569.393,  5397.743,  -1966.734
968,  6569.408,  5397.744,  -1966.485
969,  6569.424,  5397.745,  -1966.240
970,  6569.439,  5397.745,  -1966.003
971,  6569.454,  5397.747,  -1965.774
972,  6569.469,  5397.748,  -1965.554
973,  6569.486,  5397.749,  -1965.343
974,  6569.501,  5397.750,  -1965.141
975,  6569.516,  5397.751,  -1964.951
976,  6569.530,  5397.753,  -1964.771
977,  6569.545,  5397.754,  -1964.601
978,  6569.558,  5397.755,  -1964.443
979,  6569.571,  5397.757,  -1964.298
980,  6569.585,  5397.758,  -1964.166
981,  6569.597,  5397.759,  -1964.046
982,  6569.608,  5397.760,  -1963.941
983,  6569.623,  5397.762,  -1963.806
984,  6569.638,  5397.763,  -1963.706
985,  6569.662,  5397.767,  -1963.608
986,  6569.687,  5397.771,  -1963.721
987,  6569.691,  5397.773,  -1963.827
988,  6569.696,  5397.774,  -1963.968
989,  6569.697,  5397.776,  -1964.081
990,  6569.698,  5397.777,  -1964.207
991,  6569.698,  5397.778,  -1964.346
992,  6569.698,  5397.779,  -1964.498
993,  6569.698,  5397.780,  -1964.663
994,  6569.695,  5397.782,  -1964.842
995,  6569.693,  5397.782,  -1965.030
996,  6569.689,  5397.784,  -1965.230
997,  6569.685,  5397.785,  -1965.441
998,  6569.681,  5397.786,  -1965.660
999,  6569.675,  5397.786,  -1965.886
1000,  6569.669,  5397.787,  -1966.123
1001,  6569.662,  5397.788,  -1966.366
1002,  6569.655,  5397.787,  -1966.614
1003,  6569.647,  5397.787,  -1966.868
1004,  6569.637,  5397.787,  -1967.128
1005,  6569.626,  5397.787,  -1967.390
1006,  6569.616,  5397.787,  -1967.656
1007,  6569.604,  5397.787,  -1967.923
1008,  6569.592,  5397.786,  -1968.192
1009,  6569.579,  5397.786,  -1968.460
1010,  6569.565,  5397.785,  -1968.728
1011,  6569.551,  5397.784,  -1968.995
1012,  6569.537,  5397.783,  -1969.259
1013,  6569.522,  5397.783,  -1969.522
1014,  6569.507,  5397.781,  -1969.779
1015,  6569.492,  5397.780,  -1970.032
1016,  6569.477,  5397.778,  -1970.281
1017,  6569.462,  5397.777,  -1970.525
1018,  6569.447,  5397.776,  -1970.764
1019,  6569.432,  5397.774,  -1970.994
1020,  6569.417,  5397.773,  -1971.218
1021,  6569.403,  5397.771,  -1971.433
1022,  6569.388,  5397.771,  -1971.641
1023,  6569.375,  5397.769,  -1971.838
1024,  6569.361,  5397.768,  -1972.025
1025,  6569.348,  5397.766,  -1972.201
1026,  6569.335,  5397.765,  -1972.366
1027,  6569.323,  5397.764,  -1972.520
1028,  6569.312,  5397.763,  -1972.662
1029,  6569.301,  5397.762,  -1972.791
1030,  6569.290,  5397.761,  -1972.907
1031,  6569.280,  5397.761,  -1973.009
1032,  6569.266,  5397.759,  -1973.137
1033,  6569.250,  5397.757,  -1973.258
1034,  6569.205,  5397.748,  -1973.150
1035,  6569.201,  5397.747,  -1973.026
1036,  6569.199,  5397.745,  -1972.925
1037,  6569.198,  5397.744,  -1972.810
1038,  6569.197,  5397.744,  -1972.683
1039,  6569.197,  5397.743,  -1972.542
1040,  6569.199,  5397.742,  -1972.389
1041,  6569.201,  5397.742,  -1972.224
1042,  6569.204,  5397.741,  -1972.048
1043,  6569.209,  5397.741,  -1971.862
1044,  6569.214,  5397.740,  -1971.665
1045,  6569.220,  5397.740,  -1971.458
1046,  6569.226,  5397.740,  -1971.244
1047,  6569.233,  5397.740,  -1971.021
1048,  6569.241,  5397.740,  -1970.790
1049,  6569.251,  5397.740,  -1970.553
1050,  6569.261,  5397.740,  -1970.310
1051,  6569.271,  5397.741,  -1970.061
1052,  6569.283,  5397.741,  -1969.808
1053,  6569.295,  5397.742,  -1969.550
1054,  6569.308,  5397.743,  -1969.290
1055,  6569.322,  5397.743,  -1969.026
1056,  6569.335,  5397.744,  -1968.761
1057,  6569.349,  5397.744,  -1968.494
1058,  6569.363,  5397.746,  -1968.228
1059,  6569.378,  5397.746,  -1967.960
1060,  6569.393,  5397.747,  -1967.695
1061,  6569.408,  5397.748,  -1967.431
1062,  6569.423,  5397.749,  -1967.171
1063,  6569.437,  5397.749,  -1966.913
1064,  6569.452,  5397.750,  -1966.660
1065,  6569.466,  5397.751,  -1966.414
1066,  6569.480,  5397.752,  -1966.173
1067,  6569.493,  5397.752,  -1965.937
1068,  6569.506,  5397.753,  -1965.712
1069,  6569.520,  5397.754,  -1965.494
1070,  6569.534,  5397.754,  -1965.285
1071,  6569.546,  5397.755,  -1965.086
1072,  6569.559,  5397.755,  -1964.898
1073,  6569.571,  5397.756,  -1964.720
1074,  6569.583,  5397.756,  -1964.552
1075,  6569.594,  5397.757,  -1964.399
1076,  6569.606,  5397.757,  -1964.258
1077,  6569.616,  5397.759,  -1964.131
1078,  6569.627,  5397.760,  -1964.019
1079,  6569.642,  5397.761,  -1963.876
1080,  6569.653,  5397.763,  -1963.766
1081,  6569.674,  5397.766,  -1963.659
1082,  6569.705,  5397.772,  -1963.767
1083,  6569.708,  5397.773,  -1963.874
1084,  6569.710,  5397.775,  -1964.015
1085,  6569.711,  5397.776,  -1964.126
1086,  6569.710,  5397.777,  -1964.251
1087,  6569.707,  5397.778,  -1964.388
1088,  6569.704,  5397.778,  -1964.537
1089,  6569.700,  5397.779,  -1964.699
1090,  6569.695,  5397.779,  -1964.871
1091,  6569.689,  5397.780,  -1965.056
1092,  6569.682,  5397.780,  -1965.249
1093,  6569.675,  5397.780,  -1965.454
1094,  6569.667,  5397.780,  -1965.667
1095,  6569.658,  5397.779,  -1965.886
1096,  6569.648,  5397.779,  -1966.115
1097,  6569.637,  5397.779,  -1966.352
1098,  6569.627,  5397.778,  -1966.595
1099,  6569.615,  5397.778,  -1966.843
1100,  6569.602,  5397.777,  -1967.095
1101,  6569.590,  5397.776,  -1967.353
1102,  6569.576,  5397.776,  -1967.614
1103,  6569.564,  5397.775,  -1967.878
1104,  6569.550,  5397.775,  -1968.143
1105,  6569.537,  5397.775,  -1968.411
1106,  6569.523,  5397.774,  -1968.676
1107,  6569.509,  5397.773,  -1968.942
1108,  6569.495,  5397.772,  -1969.207
1109,  6569.481,  5397.772,  -1969.470
1110,  6569.468,  5397.771,  -1969.730
1111,  6569.455,  5397.769,  -1969.985
1112,  6569.441,  5397.769,  -1970.237
1113,  6569.428,  5397.768,  -1970.483
1114,  6569.415,  5397.767,  -1970.722
1115,  6569.402,  5397.767,  -1970.955
1116,  6569.388,  5397.765,  -1971.178
1117,  6569.375,  5397.764,  -1971.395
1118,  6569.362,  5397.763,  -1971.602
1119,  6569.350,  5397.763,  -1971.799
1120,  6569.337,  5397.762,  -1971.985
1121,  6569.326,  5397.760,  -1972.160
1122,  6569.314,  5397.759,  -1972.324
1123,  6569.302,  5397.759,  -1972.477
1124,  6569.290,  5397.757,  -1972.615
1125,  6569.279,  5397.756,  -1972.741
1126,  6569.269,  5397.755,  -1972.854
1127,  6569.254,  5397.753,  -1972.998
1128,  6569.240,  5397.751,  -1973.111
1129,  6569.225,  5397.749,  -1973.213
1130,  6569.194,  5397.742,  -1973.089
1131,  6569.195,  5397.741,  -1972.969
1132,  6569.197,  5397.741,  -1972.819
1133,  6569.201,  5397.740,  -1972.703
1134,  6569.205,  5397.741,  -1972.575
1135,  6569.211,  5397.741,  -1972.434
1136,  6569.216,  5397.741,  -1972.282
1137,  6569.223,  5397.742,  -1972.118
1138,  6569.230,  5397.742,  -1971.942
1139,  6569.237,  5397.742,  -1971.756
1140,  6569.246,  5397.742,  -1971.560
1141,  6569.255,  5397.743,  -1971.354
1142,  6569.264,  5397.744,  -1971.141
1143,  6569.274,  5397.744,  -1970.918
1144,  6569.285,  5397.744,  -1970.687
1145,  6569.296,  5397.745,  -1970.450
1146,  6569.308,  5397.745,  -1970.205
1147,  6569.320,  5397.746,  -1969.955
1148,  6569.332,  5397.746,  -1969.700
1149,  6569.344,  5397.747,  -1969.441
1150,  6569.357,  5397.747,  -1969.179
1151,  6569.369,  5397.748,  -1968.913
1152,  6569.383,  5397.748,  -1968.646
1153,  6569.396,  5397.749,  -1968.378
1154,  6569.409,  5397.749,  -1968.110
1155,  6569.422,  5397.749,  -1967.843
1156,  6569.436,  5397.750,  -1967.579
1157,  6569.448,  5397.751,  -1967.316
1158,  6569.463,  5397.751,  -1967.058
1159,  6569.477,  5397.751,  -1966.804
1160,  6569.490,  5397.752,  -1966.556
1161,  6569.504,  5397.752,  -1966.313
1162,  6569.518,  5397.753,  -1966.078
1163,  6569.531,  5397.754,  -1965.850
1164,  6569.546,  5397.755,  -1965.632
1165,  6569.559,  5397.755,  -1965.421
1166,  6569.573,  5397.756,  -1965.220
1167,  6569.586,  5397.757,  -1965.030
1168,  6569.598,  5397.758,  -1964.850
1169,  6569.610,  5397.759,  -1964.682
1170,  6569.622,  5397.760,  -1964.525
1171,  6569.634,  5397.761,  -1964.382
1172,  6569.645,  5397.762,  -1964.252
1173,  6569.655,  5397.763,  -1964.134
1174,  6569.665,  5397.764,  -1964.031
1175,  6569.677,  5397.765,  -1963.901
1176,  6569.691,  5397.767,  -1963.779
1177,  6569.708,  5397.770,  -1963.908
1178,  6569.703,  5397.771,  -1964.040
1179,  6569.700,  5397.771,  -1964.145
1180,  6569.695,  5397.771,  -1964.264
1181,  6569.690,  5397.772,  -1964.395
1182,  6569.684,  5397.771,  -1964.539
1183,  6569.678,  5397.771,  -1964.696
1184,  6569.670,  5397.771,  -1964.864
1185,  6569.663,  5397.771,  -1965.046
1186,  6569.655,  5397.771,  -1965.238
1187,  6569.646,  5397.771,  -1965.441
1188,  6569.637,  5397.771,  -1965.652
1189,  6569.627,  5397.770,  -1965.872
1190,  6569.618,  5397.770,  -1966.102
1191,  6569.607,  5397.770,  -1966.338
1192,  6569.596,  5397.770,  -1966.581
1193,  6569.585,  5397.769,  -1966.829
1194,  6569.574,  5397.769,  -1967.082
1195,  6569.562,  5397.769,  -1967.340
1196,  6569.549,  5397.769,  -1967.601
1197,  6569.537,  5397.768,  -1967.865
1198,  6569.525,  5397.768,  -1968.130
1199,  6569.511,  5397.768,  -1968.396
1200,  6569.497,  5397.767,  -1968.660
1201,  6569.484,  5397.767,  -1968.925
1202,  6569.470,  5397.766,  -1969.187
1203,  6569.456,  5397.765,  -1969.447
1204,  6569.442,  5397.763,  -1969.702
1205,  6569.428,  5397.762,  -1969.954
1206,  6569.413,  5397.762,  -1970.201
1207,  6569.399,  5397.761,  -1970.443
1208,  6569.384,  5397.759,  -1970.677
1209,  6569.369,  5397.759,  -1970.906
1210,  6569.356,  5397.756,  -1971.125
1211,  6569.342,  5397.755,  -1971.337
1212,  6569.329,  5397.754,  -1971.539
1213,  6569.316,  5397.753,  -1971.733
1214,  6569.303,  5397.752,  -1971.916
1215,  6569.292,  5397.751,  -1972.088
1216,  6569.280,  5397.750,  -1972.249
1217,  6569.270,  5397.749,  -1972.401
1218,  6569.260,  5397.748,  -1972.538
1219,  6569.251,  5397.747,  -1972.664
1220,  6569.242,  5397.747,  -1972.779
1221,  6569.236,  5397.746,  -1972.881
1222,  6569.226,  5397.745,  -1973.008
1223,  6569.216,  5397.744,  -1973.132
1224,  6569.213,  5397.742,  -1973.024
1225,  6569.218,  5397.743,  -1972.898
1226,  6569.222,  5397.743,  -1972.797
1227,  6569.226,  5397.743,  -1972.682
1228,  6569.232,  5397.743,  -1972.555
1229,  6569.237,  5397.744,  -1972.415
1230,  6569.244,  5397.744,  -1972.263
1231,  6569.250,  5397.744,  -1972.098
1232,  6569.257,  5397.744,  -1971.923
1233,  6569.265,  5397.744,  -1971.737
1234,  6569.274,  5397.744,  -1971.541
1235,  6569.282,  5397.745,  -1971.335
1236,  6569.292,  5397.745,  -1971.121
1237,  6569.302,  5397.745,  -1970.898
1238,  6569.313,  5397.746,  -1970.667
1239,  6569.323,  5397.746,  -1970.430
1240,  6569.335,  5397.747,  -1970.188
1241,  6569.347,  5397.747,  -1969.940
1242,  6569.360,  5397.747,  -1969.687
1243,  6569.373,  5397.748,  -1969.431
1244,  6569.386,  5397.749,  -1969.172
1245,  6569.400,  5397.750,  -1968.912
1246,  6569.414,  5397.750,  -1968.649
1247,  6569.429,  5397.751,  -1968.387
1248,  6569.443,  5397.752,  -1968.125
1249,  6569.458,  5397.753,  -1967.864
1250,  6569.473,  5397.754,  -1967.606
1251,  6569.487,  5397.755,  -1967.349
1252,  6569.503,  5397.756,  -1967.097
1253,  6569.517,  5397.757,  -1966.849
1254,  6569.531,  5397.758,  -1966.605
1255,  6569.546,  5397.758,  -1966.368
1256,  6569.561,  5397.759,  -1966.136
1257,  6569.574,  5397.759,  -1965.911
1258,  6569.587,  5397.760,  -1965.695
1259,  6569.599,  5397.762,  -1965.488
1260,  6569.611,  5397.762,  -1965.287
1261,  6569.622,  5397.762,  -1965.097
1262,  6569.632,  5397.763,  -1964.917
1263,  6569.642,  5397.764,  -1964.749
1264,  6569.651,  5397.764,  -1964.590
1265,  6569.659,  5397.764,  -1964.444
1266,  6569.666,  5397.764,  -1964.311
1267,  6569.673,  5397.764,  -1964.190
1268,  6569.679,  5397.764,  -1964.083
1269,  6569.686,  5397.765,  -1963.948
1270,  6569.691,  5397.764,  -1963.844
1271,  6569.698,  5397.764,  -1963.738
1272,  6569.696,  5397.765,  -1963.863
1273,  6569.690,  5397.766,  -1963.973
1274,  6569.684,  5397.766,  -1964.116
1275,  6569.681,  5397.767,  -1964.230
1276,  6569.676,  5397.767,  -1964.355
1277,  6569.671,  5397.766,  -1964.494
1278,  6569.664,  5397.766,  -1964.645
1279,  6569.657,  5397.767,  -1964.808
1280,  6569.649,  5397.766,  -1964.983
1281,  6569.641,  5397.766,  -1965.169
1282,  6569.632,  5397.767,  -1965.365
1283,  6569.622,  5397.767,  -1965.570
1284,  6569.613,  5397.765,  -1965.782
1285,  6569.601,  5397.765,  -1966.004
1286,  6569.590,  5397.765,  -1966.233
1287,  6569.578,  5397.765,  -1966.469
1288,  6569.565,  5397.764,  -1966.709
1289,  6569.552,  5397.763,  -1966.954
1290,  6569.538,  5397.763,  -1967.205
1291,  6569.525,  5397.762,  -1967.458
1292,  6569.510,  5397.761,  -1967.715
1293,  6569.496,  5397.760,  -1967.973
1294,  6569.481,  5397.759,  -1968.232
1295,  6569.467,  5397.758,  -1968.491
1296,  6569.452,  5397.757,  -1968.751
1297,  6569.437,  5397.756,  -1969.010
1298,  6569.423,  5397.755,  -1969.266
1299,  6569.408,  5397.754,  -1969.521
1300,  6569.394,  5397.753,  -1969.771
1301,  6569.380,  5397.752,  -1970.019
1302,  6569.367,  5397.751,  -1970.261
1303,  6569.353,  5397.750,  -1970.498
1304,  6569.341,  5397.749,  -1970.728
1305,  6569.330,  5397.749,  -1970.953
1306,  6569.318,  5397.748,  -1971.169
1307,  6569.307,  5397.747,  -1971.377
1308,  6569.297,  5397.747,  -1971.577
1309,  6569.288,  5397.747,  -1971.767
1310,  6569.278,  5397.746,  -1971.946
1311,  6569.271,  5397.746,  -1972.117
1312,  6569.263,  5397.746,  -1972.274
1313,  6569.256,  5397.746,  -1972.422
1314,  6569.249,  5397.746,  -1972.556
1315,  6569.243,  5397.745,  -1972.678
1316,  6569.239,  5397.745,  -1972.787
1317,  6569.232,  5397.745,  -1972.926
1318,  6569.226,  5397.744,  -1973.034
1319,  6569.220,  5397.744,  -1973.143
1320,  6569.222,  5397.742,  -1973.035
1321,  6569.227,  5397.742,  -1972.929
1322,  6569.233,  5397.743,  -1972.792
1323,  6569.239,  5397.743,  -1972.685
1324,  6569.244,  5397.743,  -1972.566
1325,  6569.250,  5397.744,  -1972.434
1326,  6569.256,  5397.744,  -1972.290
1327,  6569.265,  5397.744,  -1972.135
1328,  6569.275,  5397.746,  -1971.971
1329,  6569.284,  5397.746,  -1971.794
1330,  6569.294,  5397.747,  -1971.608
1331,  6569.305,  5397.747,  -1971.412
1332,  6569.316,  5397.749,  -1971.208
1333,  6569.328,  5397.750,  -1970.996
1334,  6569.342,  5397.750,  -1970.776
1335,  6569.354,  5397.752,  -1970.549
1336,  6569.367,  5397.752,  -1970.314
1337,  6569.382,  5397.753,  -1970.074
1338,  6569.396,  5397.754,  -1969.831
1339,  6569.410,  5397.756,  -1969.582
1340,  6569.425,  5397.756,  -1969.330
1341,  6569.439,  5397.757,  -1969.075
1342,  6569.453,  5397.758,  -1968.817
1343,  6569.467,  5397.759,  -1968.558
1344,  6569.480,  5397.760,  -1968.300
1345,  6569.494,  5397.760,  -1968.039
1346,  6569.507,  5397.761,  -1967.781
1347,  6569.521,  5397.761,  -1967.524
1348,  6569.532,  5397.762,  -1967.269
1349,  6569.545,  5397.762,  -1967.018
1350,  6569.558,  5397.762,  -1966.772
1351,  6569.569,  5397.763,  -1966.530
1352,  6569.580,  5397.763,  -1966.295
1353,  6569.591,  5397.763,  -1966.065
1354,  6569.602,  5397.763,  -1965.843
1355,  6569.612,  5397.763,  -1965.630
1356,  6569.621,  5397.763,  -1965.424
1357,  6569.629,  5397.763,  -1965.228
1358,  6569.638,  5397.763,  -1965.043
1359,  6569.647,  5397.763,  -1964.869
1360,  6569.654,  5397.763,  -1964.706
1361,  6569.661,  5397.763,  -1964.555
1362,  6569.667,  5397.763,  -1964.416
1363,  6569.672,  5397.764,  -1964.292
1364,  6569.678,  5397.764,  -1964.181
1365,  6569.685,  5397.764,  -1964.039
1366,  6569.691,  5397.764,  -1963.930
1367,  6569.696,  5397.765,  -1963.820
1368,  6569.687,  5397.766,  -1963.927
1369,  6569.680,  5397.765,  -1964.033
1370,  6569.672,  5397.764,  -1964.170
1371,  6569.666,  5397.765,  -1964.280
1372,  6569.659,  5397.764,  -1964.400
1373,  6569.650,  5397.763,  -1964.535
1374,  6569.641,  5397.762,  -1964.680
1375,  6569.631,  5397.762,  -1964.838
1376,  6569.621,  5397.761,  -1965.007
1377,  6569.610,  5397.761,  -1965.187
1378,  6569.599,  5397.760,  -1965.377
1379,  6569.586,  5397.759,  -1965.575
1380,  6569.575,  5397.758,  -1965.781
1381,  6569.561,  5397.757,  -1965.997
1382,  6569.548,  5397.757,  -1966.221
1383,  6569.536,  5397.756,  -1966.452
1384,  6569.523,  5397.755,  -1966.689
1385,  6569.509,  5397.755,  -1966.932
1386,  6569.496,  5397.754,  -1967.178
1387,  6569.483,  5397.753,  -1967.429
1388,  6569.469,  5397.753,  -1967.685
1389,  6569.457,  5397.753,  -1967.942
1390,  6569.444,  5397.752,  -1968.202
1391,  6569.431,  5397.752,  -1968.462
1392,  6569.419,  5397.751,  -1968.722
1393,  6569.406,  5397.751,  -1968.980
1394,  6569.393,  5397.751,  -1969.237
1395,  6569.382,  5397.750,  -1969.492
1396,  6569.370,  5397.749,  -1969.743
1397,  6569.358,  5397.749,  -1969.990
1398,  6569.347,  5397.748,  -1970.232
1399,  6569.337,  5397.748,  -1970.468
1400,  6569.327,  5397.747,  -1970.698
1401,  6569.316,  5397.748,  -1970.921
1402,  6569.307,  5397.747,  -1971.135
1403,  6569.296,  5397.747,  -1971.340
1404,  6569.287,  5397.746,  -1971.537
1405,  6569.279,  5397.746,  -1971.724
1406,  6569.271,  5397.745,  -1971.900
1407,  6569.262,  5397.745,  -1972.066
1408,  6569.256,  5397.745,  -1972.221
1409,  6569.249,  5397.745,  -1972.365
1410,  6569.243,  5397.744,  -1972.496
1411,  6569.237,  5397.744,  -1972.615
1412,  6569.232,  5397.743,  -1972.720
1413,  6569.227,  5397.743,  -1972.855
1414,  6569.223,  5397.743,  -1972.960
1415,  6569.220,  5397.744,  -1973.069
1416,  6569.241,  5397.745,  -1972.947
1417,  6569.250,  5397.747,  -1972.840
1418,  6569.261,  5397.748,  -1972.702
1419,  6569.270,  5397.749,  -1972.595
1420,  6569.279,  5397.750,  -1972.475
1421,  6569.288,  5397.751,  -1972.342
1422,  6569.297,  5397.752,  -1972.198
1423,  6569.307,  5397.753,  -1972.042
1424,  6569.318,  5397.754,  -1971.875
1425,  6569.328,  5397.755,  -1971.698
1426,  6569.340,  5397.755,  -1971.510
1427,  6569.352,  5397.757,  -1971.313
1428,  6569.363,  5397.758,  -1971.107
1429,  6569.375,  5397.758,  -1970.893
1430,  6569.389,  5397.758,  -1970.670
1431,  6569.400,  5397.759,  -1970.440
1432,  6569.411,  5397.760,  -1970.204
1433,  6569.423,  5397.761,  -1969.963
1434,  6569.436,  5397.761,  -1969.717
1435,  6569.448,  5397.762,  -1969.467
1436,  6569.460,  5397.762,  -1969.213
1437,  6569.472,  5397.762,  -1968.957
1438,  6569.484,  5397.763,  -1968.701
1439,  6569.497,  5397.764,  -1968.444
1440,  6569.508,  5397.764,  -1968.187
1441,  6569.521,  5397.764,  -1967.928
1442,  6569.533,  5397.764,  -1967.673
1443,  6569.544,  5397.765,  -1967.421
1444,  6569.556,  5397.765,  -1967.171
1445,  6569.568,  5397.765,  -1966.926
1446,  6569.579,  5397.765,  -1966.687
1447,  6569.589,  5397.766,  -1966.452
1448,  6569.600,  5397.766,  -1966.224
1449,  6569.610,  5397.767,  -1966.003
1450,  6569.621,  5397.766,  -1965.790
1451,  6569.630,  5397.767,  -1965.586
1452,  6569.638,  5397.767,  -1965.390
1453,  6569.646,  5397.767,  -1965.203
1454,  6569.654,  5397.767,  -1965.028
1455,  6569.661,  5397.768,  -1964.864
1456,  6569.667,  5397.767,  -1964.709
1457,  6569.673,  5397.768,  -1964.567
1458,  6569.677,  5397.767,  -1964.435
1459,  6569.681,  5397.767,  -1964.318
1460,  6569.684,  5397.767,  -1964.213
1461,  6569.687,  5397.766,  -1964.079
1462,  6569.687,  5397.766,  -1963.977
1463,  6569.684,  5397.765,  -1963.875
1464,  6569.656,  5397.761,  -1963.997
1465,  6569.646,  5397.759,  -1964.108
1466,  6569.634,  5397.758,  -1964.250
1467,  6569.625,  5397.758,  -1964.362
1468,  6569.617,  5397.757,  -1964.488
1469,  6569.606,  5397.757,  -1964.626
1470,  6569.597,  5397.756,  -1964.775
1471,  6569.587,  5397.755,  -1964.936
1472,  6569.578,  5397.754,  -1965.109
1473,  6569.567,  5397.754,  -1965.292
1474,  6569.557,  5397.754,  -1965.488
1475,  6569.546,  5397.754,  -1965.690
1476,  6569.534,  5397.753,  -1965.900
1477,  6569.523,  5397.753,  -1966.119
1478,  6569.511,  5397.753,  -1966.346
1479,  6569.500,  5397.753,  -1966.579
1480,  6569.488,  5397.752,  -1966.818
1481,  6569.476,  5397.752,  -1967.062
1482,  6569.463,  5397.752,  -1967.309
1483,  6569.452,  5397.751,  -1967.559
1484,  6569.440,  5397.750,  -1967.812
1485,  6569.427,  5397.750,  -1968.067
1486,  6569.415,  5397.750,  -1968.323
1487,  6569.402,  5397.749,  -1968.579
1488,  6569.390,  5397.748,  -1968.832
1489,  6569.377,  5397.748,  -1969.085
1490,  6569.365,  5397.748,  -1969.335
1491,  6569.353,  5397.747,  -1969.583
1492,  6569.341,  5397.747,  -1969.826
1493,  6569.331,  5397.746,  -1970.064
1494,  6569.319,  5397.745,  -1970.298
1495,  6569.309,  5397.745,  -1970.526
1496,  6569.299,  5397.745,  -1970.748
1497,  6569.290,  5397.744,  -1970.963
1498,  6569.281,  5397.744,  -1971.170
1499,  6569.273,  5397.743,  -1971.368
1500,  6569.266,  5397.744,  -1971.558
1501,  6569.258,  5397.744,  -1971.739
1502,  6569.252,  5397.744,  -1971.910
1503,  6569.248,  5397.743,  -1972.070
1504,  6569.243,  5397.744,  -1972.220
1505,  6569.240,  5397.744,  -1972.359
1506,  6569.237,  5397.744,  -1972.486
1507,  6569.236,  5397.745,  -1972.602
1508,  6569.234,  5397.745,  -1972.703
1509,  6569.234,  5397.746,  -1972.833
1510,  6569.237,  5397.747,  -1972.959
1511,  6569.279,  5397.753,  -1972.847
1512,  6569.288,  5397.755,  -1972.720
1513,  6569.296,  5397.755,  -1972.619
1514,  6569.304,  5397.756,  -1972.506
1515,  6569.312,  5397.757,  -1972.380
1516,  6569.320,  5397.758,  -1972.240
1517,  6569.329,  5397.758,  -1972.090
1518,  6569.339,  5397.759,  -1971.930
1519,  6569.349,  5397.760,  -1971.757
1520,  6569.359,  5397.760,  -1971.575
1521,  6569.370,  5397.760,  -1971.384
1522,  6569.380,  5397.762,  -1971.184
1523,  6569.392,  5397.762,  -1970.977
1524,  6569.403,  5397.763,  -1970.761
1525,  6569.415,  5397.763,  -1970.538
1526,  6569.427,  5397.765,  -1970.310
1527,  6569.440,  5397.765,  -1970.076
1528,  6569.452,  5397.766,  -1969.838
1529,  6569.464,  5397.767,  -1969.597
1530,  6569.477,  5397.767,  -1969.350
1531,  6569.490,  5397.768,  -1969.102
1532,  6569.502,  5397.769,  -1968.852
1533,  6569.515,  5397.769,  -1968.601
1534,  6569.527,  5397.770,  -1968.349
1535,  6569.539,  5397.771,  -1968.097
1536,  6569.551,  5397.771,  -1967.846
1537,  6569.563,  5397.771,  -1967.597
1538,  6569.574,  5397.772,  -1967.351
1539,  6569.584,  5397.772,  -1967.107
1540,  6569.594,  5397.772,  -1966.868
1541,  6569.604,  5397.772,  -1966.632
1542,  6569.612,  5397.772,  -1966.403
1543,  6569.620,  5397.772,  -1966.179
1544,  6569.628,  5397.771,  -1965.961
1545,  6569.635,  5397.771,  -1965.753
1546,  6569.641,  5397.771,  -1965.552
1547,  6569.646,  5397.771,  -1965.360
1548,  6569.651,  5397.770,  -1965.177
1549,  6569.655,  5397.769,  -1965.004
1550,  6569.658,  5397.768,  -1964.842
1551,  6569.661,  5397.768,  -1964.691
1552,  6569.662,  5397.767,  -1964.553
1553,  6569.664,  5397.766,  -1964.426
1554,  6569.664,  5397.765,  -1964.313
1555,  6569.664,  5397.764,  -1964.213
1556,  6569.663,  5397.763,  -1964.087
1557,  6569.659,  5397.762,  -1963.970
1558,  6569.623,  5397.757,  -1964.081
1559,  6569.614,  5397.756,  -1964.203
1560,  6569.602,  5397.755,  -1964.355
1561,  6569.593,  5397.755,  -1964.474
1562,  6569.585,  5397.754,  -1964.604
1563,  6569.575,  5397.754,  -1964.747
1564,  6569.566,  5397.753,  -1964.899
1565,  6569.556,  5397.753,  -1965.063
1566,  6569.546,  5397.752,  -1965.238
1567,  6569.534,  5397.752,  -1965.423
1568,  6569.522,  5397.752,  -1965.616
1569,  6569.511,  5397.750,  -1965.817
1570,  6569.499,  5397.750,  -1966.026
1571,  6569.486,  5397.749,  -1966.244
1572,  6569.475,  5397.749,  -1966.468
1573,  6569.461,  5397.748,  -1966.697
1574,  6569.449,  5397.747,  -1966.931
1575,  6569.436,  5397.746,  -1967.170
1576,  6569.424,  5397.746,  -1967.414
1577,  6569.411,  5397.746,  -1967.660
1578,  6569.400,  5397.745,  -1967.910
1579,  6569.387,  5397.744,  -1968.159
1580,  6569.376,  5397.744,  -1968.411
1581,  6569.364,  5397.744,  -1968.661
1582,  6569.354,  5397.744,  -1968.912
1583,  6569.343,  5397.743,  -1969.161
1584,  6569.333,  5397.744,  -1969.408
1585,  6569.324,  5397.743,  -1969.652
1586,  6569.315,  5397.743,  -1969.893
1587,  6569.308,  5397.743,  -1970.128
1588,  6569.299,  5397.743,  -1970.359
1589,  6569.293,  5397.743,  -1970.584
1590,  6569.286,  5397.744,  -1970.804
1591,  6569.280,  5397.744,  -1971.016
1592,  6569.275,  5397.744,  -1971.219
1593,  6569.271,  5397.745,  -1971.415
1594,  6569.266,  5397.745,  -1971.601
1595,  6569.263,  5397.746,  -1971.778
1596,  6569.260,  5397.746,  -1971.944
1597,  6569.258,  5397.747,  -1972.100
1598,  6569.256,  5397.747,  -1972.244
1599,  6569.255,  5397.748,  -1972.377
1600,  6569.253,  5397.749,  -1972.496
1601,  6569.253,  5397.749,  -1972.603
1602,  6569.253,  5397.750,  -1972.739
1603,  6569.254,  5397.751,  -1972.847
1604,  6569.260,  5397.752,  -1972.959
1605,  6569.290,  5397.755,  -1972.850
1606,  6569.302,  5397.756,  -1972.746
1607,  6569.313,  5397.758,  -1972.613
1608,  6569.322,  5397.759,  -1972.509
1609,  6569.331,  5397.760,  -1972.393
1610,  6569.340,  5397.761,  -1972.265
1611,  6569.350,  5397.762,  -1972.125
1612,  6569.362,  5397.763,  -1971.975
1613,  6569.372,  5397.764,  -1971.815
1614,  6569.384,  5397.765,  -1971.644
1615,  6569.395,  5397.766,  -1971.463
1616,  6569.408,  5397.767,  -1971.273
1617,  6569.419,  5397.768,  -1971.075
1618,  6569.430,  5397.769,  -1970.869
1619,  6569.443,  5397.770,  -1970.655
1620,  6569.455,  5397.771,  -1970.435
1621,  6569.467,  5397.772,  -1970.209
1622,  6569.478,  5397.772,  -1969.976
1623,  6569.490,  5397.773,  -1969.739
1624,  6569.501,  5397.773,  -1969.498
1625,  6569.511,  5397.773,  -1969.252
1626,  6569.523,  5397.774,  -1969.006
1627,  6569.533,  5397.774,  -1968.756
1628,  6569.543,  5397.775,  -1968.506
1629,  6569.553,  5397.774,  -1968.254
1630,  6569.562,  5397.774,  -1968.001
1631,  6569.571,  5397.773,  -1967.751
1632,  6569.579,  5397.773,  -1967.504
1633,  6569.586,  5397.773,  -1967.258
1634,  6569.594,  5397.773,  -1967.017
1635,  6569.600,  5397.772,  -1966.779
1636,  6569.607,  5397.772,  -1966.548
1637,  6569.613,  5397.771,  -1966.322
1638,  6569.619,  5397.770,  -1966.103
1639,  6569.625,  5397.769,  -1965.891
1640,  6569.628,  5397.769,  -1965.689
1641,  6569.633,  5397.768,  -1965.495
1642,  6569.637,  5397.767,  -1965.309
1643,  6569.640,  5397.767,  -1965.135
1644,  6569.643,  5397.765,  -1964.971
1645,  6569.645,  5397.765,  -1964.819
1646,  6569.647,  5397.764,  -1964.676
1647,  6569.649,  5397.763,  -1964.547
1648,  6569.648,  5397.763,  -1964.430
1649,  6569.649,  5397.762,  -1964.325
1650,  6569.648,  5397.761,  -1964.193
1651,  6569.645,  5397.760,  -1964.092
1652,  6569.637,  5397.758,  -1963.991
1653,  6569.602,  5397.754,  -1964.105
1654,  6569.590,  5397.752,  -1964.210
1655,  6569.576,  5397.750,  -1964.344
1656,  6569.566,  5397.749,  -1964.449
1657,  6569.555,  5397.748,  -1964.568
1658,  6569.546,  5397.747,  -1964.698
1659,  6569.536,  5397.746,  -1964.840
1660,  6569.524,  5397.746,  -1964.993
1661,  6569.513,  5397.745,  -1965.157
1662,  6569.502,  5397.744,  -1965.333
1663,  6569.491,  5397.744,  -1965.517
1664,  6569.480,  5397.743,  -1965.712
1665,  6569.469,  5397.742,  -1965.913
1666,  6569.457,  5397.742,  -1966.123
1667,  6569.447,  5397.742,  -1966.342
1668,  6569.436,  5397.741,  -1966.567
1669,  6569.426,  5397.741,  -1966.797
1670,  6569.416,  5397.741,  -1967.033
1671,  6569.405,  5397.740,  -1967.273
1672,  6569.396,  5397.741,  -1967.518
1673,  6569.386,  5397.741,  -1967.765
1674,  6569.377,  5397.741,  -1968.013
1675,  6569.367,  5397.741,  -1968.263
1676,  6569.358,  5397.742,  -1968.514
1677,  6569.350,  5397.742,  -1968.763
1678,  6569.342,  5397.742,  -1969.012
1679,  6569.334,  5397.742,  -1969.258
1680,  6569.327,  5397.743,  -1969.502
1681,  6569.320,  5397.743,  -1969.742
1682,  6569.314,  5397.742,  -1969.977
1683,  6569.306,  5397.743,  -1970.208
1684,  6569.300,  5397.743,  -1970.432
1685,  6569.294,  5397.744,  -1970.652
1686,  6569.289,  5397.744,  -1970.863
1687,  6569.284,  5397.744,  -1971.067
1688,  6569.279,  5397.745,  -1971.263
1689,  6569.275,  5397.745,  -1971.449
1690,  6569.272,  5397.745,  -1971.627
1691,  6569.268,  5397.746,  -1971.795
1692,  6569.266,  5397.747,  -1971.952
1693,  6569.265,  5397.747,  -1972.099
1694,  6569.264,  5397.747,  -1972.234
1695,  6569.264,  5397.748,  -1972.360
1696,  6569.264,  5397.749,  -1972.472
1697,  6569.265,  5397.750,  -1972.616
1698,  6569.270,  5397.750,  -1972.734
1699,  6569.277,  5397.752,  -1972.848
1700,  6569.332,  5397.761,  -1972.744
1701,  6569.345,  5397.763,  -1972.627
1702,  6569.359,  5397.764,  -1972.480
1703,  6569.369,  5397.766,  -1972.367
1704,  6569.379,  5397.767,  -1972.242
1705,  6569.389,  5397.768,  -1972.107
1706,  6569.399,  5397.769,  -1971.958
1707,  6569.408,  5397.770,  -1971.800
1708,  6569.418,  5397.771,  -1971.630
1709,  6569.428,  5397.771,  -1971.450
1710,  6569.438,  5397.771,  -1971.261
1711,  6569.448,  5397.772,  -1971.064
1712,  6569.457,  5397.772,  -1970.858
1713,  6569.467,  5397.772,  -1970.646
1714,  6569.477,  5397.772,  -1970.426
1715,  6569.486,  5397.773,  -1970.202
1716,  6569.495,  5397.774,  -1969.971
1717,  6569.505,  5397.774,  -1969.735
1718,  6569.513,  5397.773,  -1969.495
1719,  6569.523,  5397.774,  -1969.252
1720,  6569.531,  5397.773,  -1969.006
1721,  6569.540,  5397.774,  -1968.760
1722,  6569.549,  5397.773,  -1968.512
1723,  6569.558,  5397.773,  -1968.265
1724,  6569.565,  5397.773,  -1968.017
1725,  6569.573,  5397.773,  -1967.773
1726,  6569.581,  5397.772,  -1967.530
1727,  6569.588,  5397.772,  -1967.291
1728,  6569.595,  5397.772,  -1967.053
1729,  6569.601,  5397.771,  -1966.821
1730,  6569.608,  5397.770,  -1966.595
1731,  6569.614,  5397.770,  -1966.374
1732,  6569.619,  5397.769,  -1966.160
1733,  6569.623,  5397.768,  -1965.952
1734,  6569.626,  5397.768,  -1965.754
1735,  6569.630,  5397.767,  -1965.564
1736,  6569.632,  5397.766,  -1965.380
1737,  6569.634,  5397.766,  -1965.208
1738,  6569.636,  5397.765,  -1965.045
1739,  6569.637,  5397.763,  -1964.893
1740,  6569.636,  5397.763,  -1964.751
1741,  6569.635,  5397.761,  -1964.619
1742,  6569.633,  5397.760,  -1964.500
1743,  6569.631,  5397.759,  -1964.394
1744,  6569.626,  5397.757,  -1964.258
1745,  6569.619,  5397.756,  -1964.152
1746,  6569.607,  5397.752,  -1964.042
1747,  6569.566,  5397.745,  -1964.138
1748,  6569.553,  5397.744,  -1964.239
1749,  6569.541,  5397.742,  -1964.371
1750,  6569.533,  5397.741,  -1964.476
1751,  6569.523,  5397.741,  -1964.593
1752,  6569.515,  5397.740,  -1964.722
1753,  6569.506,  5397.740,  -1964.864
1754,  6569.497,  5397.740,  -1965.016
1755,  6569.489,  5397.739,  -1965.181
1756,  6569.479,  5397.739,  -1965.355
1757,  6569.469,  5397.739,  -1965.538
1758,  6569.460,  5397.739,  -1965.730
1759,  6569.451,  5397.738,  -1965.930
1760,  6569.442,  5397.739,  -1966.139
1761,  6569.433,  5397.738,  -1966.355
1762,  6569.424,  5397.738,  -1966.576
1763,  6569.414,  5397.739,  -1966.803
1764,  6569.406,  5397.739,  -1967.036
1765,  6569.395,  5397.739,  -1967.271
1766,  6569.386,  5397.739,  -1967.511
1767,  6569.378,  5397.739,  -1967.752
1768,  6569.368,  5397.740,  -1967.995
1769,  6569.360,  5397.739,  -1968.239
1770,  6569.352,  5397.739,  -1968.482
1771,  6569.344,  5397.739,  -1968.726
1772,  6569.337,  5397.739,  -1968.969
1773,  6569.328,  5397.740,  -1969.211
1774,  6569.321,  5397.740,  -1969.450
1775,  6569.315,  5397.740,  -1969.686
1776,  6569.309,  5397.740,  -1969.917
1777,  6569.303,  5397.741,  -1970.144
1778,  6569.299,  5397.741,  -1970.366
1779,  6569.295,  5397.741,  -1970.582
1780,  6569.290,  5397.742,  -1970.791
1781,  6569.288,  5397.743,  -1970.994
1782,  6569.285,  5397.743,  -1971.189
1783,  6569.284,  5397.744,  -1971.377
1784,  6569.283,  5397.745,  -1971.555
1785,  6569.282,  5397.747,  -1971.725
1786,  6569.282,  5397.748,  -1971.884
1787,  6569.284,  5397.748,  -1972.032
1788,  6569.285,  5397.750,  -1972.170
1789,  6569.288,  5397.750,  -1972.296
1790,  6569.290,  5397.752,  -1972.411
1791,  6569.295,  5397.753,  -1972.513
1792,  6569.300,  5397.754,  -1972.644
1793,  6569.306,  5397.756,  -1972.747
1794,  6569.319,  5397.759,  -1972.852
1795,  6569.356,  5397.764,  -1972.756
1796,  6569.369,  5397.766,  -1972.619
1797,  6569.381,  5397.767,  -1972.483
1798,  6569.389,  5397.768,  -1972.376
1799,  6569.398,  5397.768,  -1972.257
1800,  6569.405,  5397.769,  -1972.128
1801,  6569.414,  5397.770,  -1971.986
1802,  6569.422,  5397.770,  -1971.835
1803,  6569.431,  5397.771,  -1971.674
1804,  6569.439,  5397.772,  -1971.503
1805,  6569.450,  5397.772,  -1971.322
1806,  6569.458,  5397.772,  -1971.134
1807,  6569.467,  5397.773,  -1970.939
1808,  6569.476,  5397.773,  -1970.734
1809,  6569.486,  5397.774,  -1970.523
1810,  6569.496,  5397.774,  -1970.306
1811,  6569.504,  5397.774,  -1970.084
1812,  6569.514,  5397.775,  -1969.857
1813,  6569.523,  5397.775,  -1969.625
1814,  6569.532,  5397.775,  -1969.391
1815,  6569.540,  5397.775,  -1969.152
1816,  6569.548,  5397.775,  -1968.912
1817,  6569.556,  5397.775,  -1968.669
1818,  6569.563,  5397.775,  -1968.426
1819,  6569.571,  5397.774,  -1968.183
1820,  6569.577,  5397.774,  -1967.940
1821,  6569.583,  5397.773,  -1967.699
1822,  6569.589,  5397.772,  -1967.460
1823,  6569.594,  5397.772,  -1967.224
1824,  6569.598,  5397.770,  -1966.991
1825,  6569.602,  5397.769,  -1966.762
1826,  6569.605,  5397.769,  -1966.539
1827,  6569.608,  5397.768,  -1966.322
1828,  6569.610,  5397.766,  -1966.109
1829,  6569.611,  5397.765,  -1965.905
1830,  6569.612,  5397.763,  -1965.709
1831,  6569.612,  5397.762,  -1965.522
1832,  6569.611,  5397.761,  -1965.343
1833,  6569.611,  5397.759,  -1965.174
1834,  6569.610,  5397.758,  -1965.015
1835,  6569.608,  5397.756,  -1964.866
1836,  6569.606,  5397.755,  -1964.731
1837,  6569.604,  5397.754,  -1964.606
1838,  6569.600,  5397.753,  -1964.493
1839,  6569.597,  5397.751,  -1964.392
1840,  6569.592,  5397.749,  -1964.268
1841,  6569.584,  5397.747,  -1964.149
1842,  6569.535,  5397.740,  -1964.255
1843,  6569.523,  5397.738,  -1964.373
1844,  6569.512,  5397.737,  -1964.521
1845,  6569.503,  5397.737,  -1964.635
1846,  6569.495,  5397.736,  -1964.761
1847,  6569.487,  5397.736,  -1964.899
1848,  6569.478,  5397.735,  -1965.045
1849,  6569.469,  5397.735,  -1965.205
1850,  6569.460,  5397.734,  -1965.372
1851,  6569.450,  5397.734,  -1965.550
1852,  6569.441,  5397.734,  -1965.737
1853,  6569.432,  5397.733,  -1965.932
1854,  6569.423,  5397.733,  -1966.134
1855,  6569.414,  5397.733,  -1966.344
1856,  6569.405,  5397.733,  -1966.561
1857,  6569.396,  5397.733,  -1966.782
1858,  6569.389,  5397.733,  -1967.009
1859,  6569.379,  5397.733,  -1967.240
1860,  6569.372,  5397.733,  -1967.475
1861,  6569.365,  5397.734,  -1967.713
1862,  6569.358,  5397.734,  -1967.953
1863,  6569.351,  5397.735,  -1968.195
1864,  6569.345,  5397.735,  -1968.438
1865,  6569.340,  5397.736,  -1968.682
1866,  6569.334,  5397.737,  -1968.923
1867,  6569.330,  5397.737,  -1969.164
1868,  6569.325,  5397.738,  -1969.402
1869,  6569.322,  5397.739,  -1969.638
1870,  6569.318,  5397.740,  -1969.869
1871,  6569.316,  5397.741,  -1970.097
1872,  6569.314,  5397.742,  -1970.319
1873,  6569.312,  5397.743,  -1970.535
1874,  6569.310,  5397.744,  -1970.744
1875,  6569.309,  5397.745,  -1970.947
1876,  6569.309,  5397.746,  -1971.141
1877,  6569.309,  5397.747,  -1971.326
1878,  6569.309,  5397.748,  -1971.503
1879,  6569.309,  5397.750,  -1971.671
1880,  6569.311,  5397.750,  -1971.828
1881,  6569.311,  5397.751,  -1971.974
1882,  6569.313,  5397.752,  -1972.110
1883,  6569.316,  5397.753,  -1972.234
1884,  6569.318,  5397.754,  -1972.346
1885,  6569.321,  5397.755,  -1972.448
1886,  6569.326,  5397.756,  -1972.576
1887,  6569.331,  5397.758,  -1972.676
1888,  6569.341,  5397.760,  -1972.778
1889,  6569.382,  5397.766,  -1972.667
1890,  6569.393,  5397.768,  -1972.565
1891,  6569.405,  5397.768,  -1972.435
1892,  6569.413,  5397.769,  -1972.334
1893,  6569.422,  5397.770,  -1972.221
1894,  6569.430,  5397.772,  -1972.097
1895,  6569.439,  5397.772,  -1971.961
1896,  6569.447,  5397.773,  -1971.816
1897,  6569.456,  5397.774,  -1971.660
1898,  6569.465,  5397.774,  -1971.494
1899,  6569.473,  5397.775,  -1971.319
1900,  6569.482,  5397.775,  -1971.135
1901,  6569.491,  5397.775,  -1970.943
1902,  6569.498,  5397.776,  -1970.743
1903,  6569.506,  5397.775,  -1970.535
1904,  6569.513,  5397.776,  -1970.321
1905,  6569.521,  5397.775,  -1970.101
1906,  6569.528,  5397.775,  -1969.875
1907,  6569.534,  5397.775,  -1969.645
1908,  6569.540,  5397.775,  -1969.411
1909,  6569.546,  5397.774,  -1969.175
1910,  6569.552,  5397.774,  -1968.934
1911,  6569.557,  5397.773,  -1968.693
1912,  6569.561,  5397.772,  -1968.451
1913,  6569.566,  5397.771,  -1968.208
1914,  6569.570,  5397.770,  -1967.967
1915,  6569.573,  5397.769,  -1967.727
1916,  6569.576,  5397.768,  -1967.489
1917,  6569.579,  5397.767,  -1967.254
1918,  6569.582,  5397.765,  -1967.023
1919,  6569.585,  5397.764,  -1966.797
1920,  6569.587,  5397.763,  -1966.575
1921,  6569.588,  5397.761,  -1966.360
1922,  6569.590,  5397.760,  -1966.152
1923,  6569.590,  5397.759,  -1965.950
1924,  6569.591,  5397.758,  -1965.758
1925,  6569.591,  5397.757,  -1965.573
1926,  6569.592,  5397.756,  -1965.399
1927,  6569.591,  5397.754,  -1965.230
1928,  6569.590,  5397.753,  -1965.075
1929,  6569.589,  5397.752,  -1964.931
1930,  6569.587,  5397.750,  -1964.796
1931,  6569.585,  5397.749,  -1964.673
1932,  6569.583,  5397.748,  -1964.562
1933,  6569.577,  5397.746,  -1964.419
1934,  6569.571,  5397.745,  -1964.303
1935,  6569.562,  5397.742,  -1964.195
1936,  6569.510,  5397.734,  -1964.292
1937,  6569.498,  5397.732,  -1964.403
1938,  6569.487,  5397.731,  -1964.545
1939,  6569.478,  5397.730,  -1964.655
1940,  6569.470,  5397.730,  -1964.776
1941,  6569.462,  5397.730,  -1964.910
1942,  6569.454,  5397.729,  -1965.054
1943,  6569.447,  5397.728,  -1965.208
1944,  6569.440,  5397.728,  -1965.375
1945,  6569.432,  5397.729,  -1965.551
1946,  6569.425,  5397.728,  -1965.735
1947,  6569.418,  5397.729,  -1965.927
1948,  6569.412,  5397.729,  -1966.129
1949,  6569.405,  5397.729,  -1966.337
1950,  6569.398,  5397.730,  -1966.552
1951,  6569.393,  5397.730,  -1966.773
1952,  6569.387,  5397.731,  -1966.999
1953,  6569.381,  5397.732,  -1967.227
1954,  6569.376,  5397.733,  -1967.462
1955,  6569.371,  5397.734,  -1967.699
1956,  6569.366,  5397.735,  -1967.937
1957,  6569.361,  5397.735,  -1968.177
1958,  6569.358,  5397.736,  -1968.418
1959,  6569.354,  5397.737,  -1968.658
1960,  6569.350,  5397.738,  -1968.897
1961,  6569.346,  5397.739,  -1969.134
1962,  6569.343,  5397.740,  -1969.369
1963,  6569.340,  5397.741,  -1969.601
1964,  6569.337,  5397.741,  -1969.828
1965,  6569.334,  5397.742,  -1970.051
1966,  6569.332,  5397.744,  -1970.269
1967,  6569.331,  5397.744,  -1970.480
1968,  6569.329,  5397.745,  -1970.686
1969,  6569.328,  5397.747,  -1970.885
1970,  6569.328,  5397.747,  -1971.076
1971,  6569.327,  5397.748,  -1971.258
1972,  6569.327,  5397.750,  -1971.432
1973,  6569.328,  5397.750,  -1971.598
1974,  6569.330,  5397.751,  -1971.754
1975,  6569.332,  5397.752,  -1971.898
1976,  6569.334,  5397.753,  -1972.033
1977,  6569.337,  5397.754,  -1972.158
1978,  6569.340,  5397.756,  -1972.273
1979,  6569.344,  5397.757,  -1972.374
1980,  6569.350,  5397.759,  -1972.507
1981,  6569.356,  5397.760,  -1972.610
1982,  6569.371,  5397.763,  -1972.721
1983,  6569.416,  5397.771,  -1972.602
1984,  6569.426,  5397.772,  -1972.495
1985,  6569.437,  5397.773,  -1972.360
1986,  6569.443,  5397.774,  -1972.254
1987,  6569.450,  5397.774,  -1972.137
1988,  6569.456,  5397.775,  -1972.008
1989,  6569.463,  5397.775,  -1971.869
1990,  6569.469,  5397.775,  -1971.720
1991,  6569.476,  5397.775,  -1971.559
1992,  6569.482,  5397.775,  -1971.391
1993,  6569.487,  5397.776,  -1971.212
1994,  6569.493,  5397.775,  -1971.025
1995,  6569.499,  5397.775,  -1970.830
1996,  6569.505,  5397.775,  -1970.628
1997,  6569.510,  5397.775,  -1970.419
1998,  6569.516,  5397.774,  -1970.204
1999,  6569.521,  5397.774,  -1969.985
2000,  6569.525,  5397.773,  -1969.760
